Maximum values for m = 10201 and d = 51:
5051 : [-1, 100, 101, -102, 201, -203, 302, -304, 403, -405, 504, -506, 605, -607, 706, -708, 807, -809, 908, -910, 1009, -1011, 1110, -1112, 1211, -1213, 1312, -1314, 1413, -1415, 1514, -1516, 1615, -1617, 1716, -1718, 1817, -1819, 1918, -1920, 2019, -2021, 2120, -2122, 2221, -2223, 2322, -2324, 2423, -2425, 2524, -2526, 2625, -2627, 2726, -2728, 2827, -2829, 2928, -2930, 3029, -3031, 3130, -3132, 3231, -3233, 3332, -3334, 3433, -3435, 3534, -3536, 3635, -3637, 3736, -3738, 3837, -3839, 3938, -3940, 4039, -4041, 4140, -4142, 4241, -4243, 4342, -4344, 4443, -4445, 4544, -4546, 4645, -4647, 4746, -4748, 4847, -4849, 4948, -4950, 5049]
5052 : [-2, 99, -103, 200, 202, -204, 301, -305, 402, -406, 503, -507, 604, -608, 705, -709, 806, -810, 907, -911, 1008, -1012, 1109, -1113, 1210, -1214, 1311, -1315, 1412, -1416, 1513, -1517, 1614, -1618, 1715, -1719, 1816, -1820, 1917, -1921, 2018, -2022, 2119, -2123, 2220, -2224, 2321, -2325, 2422, -2426, 2523, -2527, 2624, -2628, 2725, -2729, 2826, -2830, 2927, -2931, 3028, -3032, 3129, -3133, 3230, -3234, 3331, -3335, 3432, -3436, 3533, -3537, 3634, -3638, 3735, -3739, 3836, -3840, 3937, -3941, 4038, -4042, 4139, -4143, 4240, -4244, 4341, -4345, 4442, -4446, 4543, -4547, 4644, -4648, 4745, -4749, 4846, -4850, 4947, -4951, 5048]
5053 : [-3, 98, -104, 199, -205, 300, 303, -306, 401, -407, 502, -508, 603, -609, 704, -710, 805, -811, 906, -912, 1007, -1013, 1108, -1114, 1209, -1215, 1310, -1316, 1411, -1417, 1512, -1518, 1613, -1619, 1714, -1720, 1815, -1821, 1916, -1922, 2017, -2023, 2118, -2124, 2219, -2225, 2320, -2326, 2421, -2427, 2522, -2528, 2623, -2629, 2724, -2730, 2825, -2831, 2926, -2932, 3027, -3033, 3128, -3134, 3229, -3235, 3330, -3336, 3431, -3437, 3532, -3538, 3633, -3639, 3734, -3740, 3835, -3841, 3936, -3942, 4037, -4043, 4138, -4144, 4239, -4245, 4340, -4346, 4441, -4447, 4542, -4548, 4643, -4649, 4744, -4750, 4845, -4851, 4946, -4952, 5047]
5054 : [-4, 97, -105, 198, -206, 299, -307, 400, 404, -408, 501, -509, 602, -610, 703, -711, 804, -812, 905, -913, 1006, -1014, 1107, -1115, 1208, -1216, 1309, -1317, 1410, -1418, 1511, -1519, 1612, -1620, 1713, -1721, 1814, -1822, 1915, -1923, 2016, -2024, 2117, -2125, 2218, -2226, 2319, -2327, 2420, -2428, 2521, -2529, 2622, -2630, 2723, -2731, 2824, -2832, 2925, -2933, 3026, -3034, 3127, -3135, 3228, -3236, 3329, -3337, 3430, -3438, 3531, -3539, 3632, -3640, 3733, -3741, 3834, -3842, 3935, -3943, 4036, -4044, 4137, -4145, 4238, -4246, 4339, -4347, 4440, -4448, 4541, -4549, 4642, -4650, 4743, -4751, 4844, -4852, 4945, -4953, 5046]
5055 : [-5, 96, -106, 197, -207, 298, -308, 399, -409, 500, 505, -510, 601, -611, 702, -712, 803, -813, 904, -914, 1005, -1015, 1106, -1116, 1207, -1217, 1308, -1318, 1409, -1419, 1510, -1520, 1611, -1621, 1712, -1722, 1813, -1823, 1914, -1924, 2015, -2025, 2116, -2126, 2217, -2227, 2318, -2328, 2419, -2429, 2520, -2530, 2621, -2631, 2722, -2732, 2823, -2833, 2924, -2934, 3025, -3035, 3126, -3136, 3227, -3237, 3328, -3338, 3429, -3439, 3530, -3540, 3631, -3641, 3732, -3742, 3833, -3843, 3934, -3944, 4035, -4045, 4136, -4146, 4237, -4247, 4338, -4348, 4439, -4449, 4540, -4550, 4641, -4651, 4742, -4752, 4843, -4853, 4944, -4954, 5045]
5056 : [-6, 95, -107, 196, -208, 297, -309, 398, -410, 499, -511, 600, 606, -612, 701, -713, 802, -814, 903, -915, 1004, -1016, 1105, -1117, 1206, -1218, 1307, -1319, 1408, -1420, 1509, -1521, 1610, -1622, 1711, -1723, 1812, -1824, 1913, -1925, 2014, -2026, 2115, -2127, 2216, -2228, 2317, -2329, 2418, -2430, 2519, -2531, 2620, -2632, 2721, -2733, 2822, -2834, 2923, -2935, 3024, -3036, 3125, -3137, 3226, -3238, 3327, -3339, 3428, -3440, 3529, -3541, 3630, -3642, 3731, -3743, 3832, -3844, 3933, -3945, 4034, -4046, 4135, -4147, 4236, -4248, 4337, -4349, 4438, -4450, 4539, -4551, 4640, -4652, 4741, -4753, 4842, -4854, 4943, -4955, 5044]
5057 : [-7, 94, -108, 195, -209, 296, -310, 397, -411, 498, -512, 599, -613, 700, 707, -714, 801, -815, 902, -916, 1003, -1017, 1104, -1118, 1205, -1219, 1306, -1320, 1407, -1421, 1508, -1522, 1609, -1623, 1710, -1724, 1811, -1825, 1912, -1926, 2013, -2027, 2114, -2128, 2215, -2229, 2316, -2330, 2417, -2431, 2518, -2532, 2619, -2633, 2720, -2734, 2821, -2835, 2922, -2936, 3023, -3037, 3124, -3138, 3225, -3239, 3326, -3340, 3427, -3441, 3528, -3542, 3629, -3643, 3730, -3744, 3831, -3845, 3932, -3946, 4033, -4047, 4134, -4148, 4235, -4249, 4336, -4350, 4437, -4451, 4538, -4552, 4639, -4653, 4740, -4754, 4841, -4855, 4942, -4956, 5043]
5058 : [-8, 93, -109, 194, -210, 295, -311, 396, -412, 497, -513, 598, -614, 699, -715, 800, 808, -816, 901, -917, 1002, -1018, 1103, -1119, 1204, -1220, 1305, -1321, 1406, -1422, 1507, -1523, 1608, -1624, 1709, -1725, 1810, -1826, 1911, -1927, 2012, -2028, 2113, -2129, 2214, -2230, 2315, -2331, 2416, -2432, 2517, -2533, 2618, -2634, 2719, -2735, 2820, -2836, 2921, -2937, 3022, -3038, 3123, -3139, 3224, -3240, 3325, -3341, 3426, -3442, 3527, -3543, 3628, -3644, 3729, -3745, 3830, -3846, 3931, -3947, 4032, -4048, 4133, -4149, 4234, -4250, 4335, -4351, 4436, -4452, 4537, -4553, 4638, -4654, 4739, -4755, 4840, -4856, 4941, -4957, 5042]
5059 : [-9, 92, -110, 193, -211, 294, -312, 395, -413, 496, -514, 597, -615, 698, -716, 799, -817, 900, 909, -918, 1001, -1019, 1102, -1120, 1203, -1221, 1304, -1322, 1405, -1423, 1506, -1524, 1607, -1625, 1708, -1726, 1809, -1827, 1910, -1928, 2011, -2029, 2112, -2130, 2213, -2231, 2314, -2332, 2415, -2433, 2516, -2534, 2617, -2635, 2718, -2736, 2819, -2837, 2920, -2938, 3021, -3039, 3122, -3140, 3223, -3241, 3324, -3342, 3425, -3443, 3526, -3544, 3627, -3645, 3728, -3746, 3829, -3847, 3930, -3948, 4031, -4049, 4132, -4150, 4233, -4251, 4334, -4352, 4435, -4453, 4536, -4554, 4637, -4655, 4738, -4756, 4839, -4857, 4940, -4958, 5041]
5060 : [-10, 91, -111, 192, -212, 293, -313, 394, -414, 495, -515, 596, -616, 697, -717, 798, -818, 899, -919, 1000, 1010, -1020, 1101, -1121, 1202, -1222, 1303, -1323, 1404, -1424, 1505, -1525, 1606, -1626, 1707, -1727, 1808, -1828, 1909, -1929, 2010, -2030, 2111, -2131, 2212, -2232, 2313, -2333, 2414, -2434, 2515, -2535, 2616, -2636, 2717, -2737, 2818, -2838, 2919, -2939, 3020, -3040, 3121, -3141, 3222, -3242, 3323, -3343, 3424, -3444, 3525, -3545, 3626, -3646, 3727, -3747, 3828, -3848, 3929, -3949, 4030, -4050, 4131, -4151, 4232, -4252, 4333, -4353, 4434, -4454, 4535, -4555, 4636, -4656, 4737, -4757, 4838, -4858, 4939, -4959, 5040]
5061 : [-11, 90, -112, 191, -213, 292, -314, 393, -415, 494, -516, 595, -617, 696, -718, 797, -819, 898, -920, 999, -1021, 1100, 1111, -1122, 1201, -1223, 1302, -1324, 1403, -1425, 1504, -1526, 1605, -1627, 1706, -1728, 1807, -1829, 1908, -1930, 2009, -2031, 2110, -2132, 2211, -2233, 2312, -2334, 2413, -2435, 2514, -2536, 2615, -2637, 2716, -2738, 2817, -2839, 2918, -2940, 3019, -3041, 3120, -3142, 3221, -3243, 3322, -3344, 3423, -3445, 3524, -3546, 3625, -3647, 3726, -3748, 3827, -3849, 3928, -3950, 4029, -4051, 4130, -4152, 4231, -4253, 4332, -4354, 4433, -4455, 4534, -4556, 4635, -4657, 4736, -4758, 4837, -4859, 4938, -4960, 5039]
5062 : [-12, 89, -113, 190, -214, 291, -315, 392, -416, 493, -517, 594, -618, 695, -719, 796, -820, 897, -921, 998, -1022, 1099, -1123, 1200, 1212, -1224, 1301, -1325, 1402, -1426, 1503, -1527, 1604, -1628, 1705, -1729, 1806, -1830, 1907, -1931, 2008, -2032, 2109, -2133, 2210, -2234, 2311, -2335, 2412, -2436, 2513, -2537, 2614, -2638, 2715, -2739, 2816, -2840, 2917, -2941, 3018, -3042, 3119, -3143, 3220, -3244, 3321, -3345, 3422, -3446, 3523, -3547, 3624, -3648, 3725, -3749, 3826, -3850, 3927, -3951, 4028, -4052, 4129, -4153, 4230, -4254, 4331, -4355, 4432, -4456, 4533, -4557, 4634, -4658, 4735, -4759, 4836, -4860, 4937, -4961, 5038]
5063 : [-13, 88, -114, 189, -215, 290, -316, 391, -417, 492, -518, 593, -619, 694, -720, 795, -821, 896, -922, 997, -1023, 1098, -1124, 1199, -1225, 1300, 1313, -1326, 1401, -1427, 1502, -1528, 1603, -1629, 1704, -1730, 1805, -1831, 1906, -1932, 2007, -2033, 2108, -2134, 2209, -2235, 2310, -2336, 2411, -2437, 2512, -2538, 2613, -2639, 2714, -2740, 2815, -2841, 2916, -2942, 3017, -3043, 3118, -3144, 3219, -3245, 3320, -3346, 3421, -3447, 3522, -3548, 3623, -3649, 3724, -3750, 3825, -3851, 3926, -3952, 4027, -4053, 4128, -4154, 4229, -4255, 4330, -4356, 4431, -4457, 4532, -4558, 4633, -4659, 4734, -4760, 4835, -4861, 4936, -4962, 5037]
5064 : [-14, 87, -115, 188, -216, 289, -317, 390, -418, 491, -519, 592, -620, 693, -721, 794, -822, 895, -923, 996, -1024, 1097, -1125, 1198, -1226, 1299, -1327, 1400, 1414, -1428, 1501, -1529, 1602, -1630, 1703, -1731, 1804, -1832, 1905, -1933, 2006, -2034, 2107, -2135, 2208, -2236, 2309, -2337, 2410, -2438, 2511, -2539, 2612, -2640, 2713, -2741, 2814, -2842, 2915, -2943, 3016, -3044, 3117, -3145, 3218, -3246, 3319, -3347, 3420, -3448, 3521, -3549, 3622, -3650, 3723, -3751, 3824, -3852, 3925, -3953, 4026, -4054, 4127, -4155, 4228, -4256, 4329, -4357, 4430, -4458, 4531, -4559, 4632, -4660, 4733, -4761, 4834, -4862, 4935, -4963, 5036]
5065 : [-15, 86, -116, 187, -217, 288, -318, 389, -419, 490, -520, 591, -621, 692, -722, 793, -823, 894, -924, 995, -1025, 1096, -1126, 1197, -1227, 1298, -1328, 1399, -1429, 1500, 1515, -1530, 1601, -1631, 1702, -1732, 1803, -1833, 1904, -1934, 2005, -2035, 2106, -2136, 2207, -2237, 2308, -2338, 2409, -2439, 2510, -2540, 2611, -2641, 2712, -2742, 2813, -2843, 2914, -2944, 3015, -3045, 3116, -3146, 3217, -3247, 3318, -3348, 3419, -3449, 3520, -3550, 3621, -3651, 3722, -3752, 3823, -3853, 3924, -3954, 4025, -4055, 4126, -4156, 4227, -4257, 4328, -4358, 4429, -4459, 4530, -4560, 4631, -4661, 4732, -4762, 4833, -4863, 4934, -4964, 5035]
5066 : [-16, 85, -117, 186, -218, 287, -319, 388, -420, 489, -521, 590, -622, 691, -723, 792, -824, 893, -925, 994, -1026, 1095, -1127, 1196, -1228, 1297, -1329, 1398, -1430, 1499, -1531, 1600, 1616, -1632, 1701, -1733, 1802, -1834, 1903, -1935, 2004, -2036, 2105, -2137, 2206, -2238, 2307, -2339, 2408, -2440, 2509, -2541, 2610, -2642, 2711, -2743, 2812, -2844, 2913, -2945, 3014, -3046, 3115, -3147, 3216, -3248, 3317, -3349, 3418, -3450, 3519, -3551, 3620, -3652, 3721, -3753, 3822, -3854, 3923, -3955, 4024, -4056, 4125, -4157, 4226, -4258, 4327, -4359, 4428, -4460, 4529, -4561, 4630, -4662, 4731, -4763, 4832, -4864, 4933, -4965, 5034]
5067 : [-17, 84, -118, 185, -219, 286, -320, 387, -421, 488, -522, 589, -623, 690, -724, 791, -825, 892, -926, 993, -1027, 1094, -1128, 1195, -1229, 1296, -1330, 1397, -1431, 1498, -1532, 1599, -1633, 1700, 1717, -1734, 1801, -1835, 1902, -1936, 2003, -2037, 2104, -2138, 2205, -2239, 2306, -2340, 2407, -2441, 2508, -2542, 2609, -2643, 2710, -2744, 2811, -2845, 2912, -2946, 3013, -3047, 3114, -3148, 3215, -3249, 3316, -3350, 3417, -3451, 3518, -3552, 3619, -3653, 3720, -3754, 3821, -3855, 3922, -3956, 4023, -4057, 4124, -4158, 4225, -4259, 4326, -4360, 4427, -4461, 4528, -4562, 4629, -4663, 4730, -4764, 4831, -4865, 4932, -4966, 5033]
5068 : [-18, 83, -119, 184, -220, 285, -321, 386, -422, 487, -523, 588, -624, 689, -725, 790, -826, 891, -927, 992, -1028, 1093, -1129, 1194, -1230, 1295, -1331, 1396, -1432, 1497, -1533, 1598, -1634, 1699, -1735, 1800, 1818, -1836, 1901, -1937, 2002, -2038, 2103, -2139, 2204, -2240, 2305, -2341, 2406, -2442, 2507, -2543, 2608, -2644, 2709, -2745, 2810, -2846, 2911, -2947, 3012, -3048, 3113, -3149, 3214, -3250, 3315, -3351, 3416, -3452, 3517, -3553, 3618, -3654, 3719, -3755, 3820, -3856, 3921, -3957, 4022, -4058, 4123, -4159, 4224, -4260, 4325, -4361, 4426, -4462, 4527, -4563, 4628, -4664, 4729, -4765, 4830, -4866, 4931, -4967, 5032]
5069 : [-19, 82, -120, 183, -221, 284, -322, 385, -423, 486, -524, 587, -625, 688, -726, 789, -827, 890, -928, 991, -1029, 1092, -1130, 1193, -1231, 1294, -1332, 1395, -1433, 1496, -1534, 1597, -1635, 1698, -1736, 1799, -1837, 1900, 1919, -1938, 2001, -2039, 2102, -2140, 2203, -2241, 2304, -2342, 2405, -2443, 2506, -2544, 2607, -2645, 2708, -2746, 2809, -2847, 2910, -2948, 3011, -3049, 3112, -3150, 3213, -3251, 3314, -3352, 3415, -3453, 3516, -3554, 3617, -3655, 3718, -3756, 3819, -3857, 3920, -3958, 4021, -4059, 4122, -4160, 4223, -4261, 4324, -4362, 4425, -4463, 4526, -4564, 4627, -4665, 4728, -4766, 4829, -4867, 4930, -4968, 5031]
5070 : [-20, 81, -121, 182, -222, 283, -323, 384, -424, 485, -525, 586, -626, 687, -727, 788, -828, 889, -929, 990, -1030, 1091, -1131, 1192, -1232, 1293, -1333, 1394, -1434, 1495, -1535, 1596, -1636, 1697, -1737, 1798, -1838, 1899, -1939, 2000, 2020, -2040, 2101, -2141, 2202, -2242, 2303, -2343, 2404, -2444, 2505, -2545, 2606, -2646, 2707, -2747, 2808, -2848, 2909, -2949, 3010, -3050, 3111, -3151, 3212, -3252, 3313, -3353, 3414, -3454, 3515, -3555, 3616, -3656, 3717, -3757, 3818, -3858, 3919, -3959, 4020, -4060, 4121, -4161, 4222, -4262, 4323, -4363, 4424, -4464, 4525, -4565, 4626, -4666, 4727, -4767, 4828, -4868, 4929, -4969, 5030]
5071 : [-21, 80, -122, 181, -223, 282, -324, 383, -425, 484, -526, 585, -627, 686, -728, 787, -829, 888, -930, 989, -1031, 1090, -1132, 1191, -1233, 1292, -1334, 1393, -1435, 1494, -1536, 1595, -1637, 1696, -1738, 1797, -1839, 1898, -1940, 1999, -2041, 2100, 2121, -2142, 2201, -2243, 2302, -2344, 2403, -2445, 2504, -2546, 2605, -2647, 2706, -2748, 2807, -2849, 2908, -2950, 3009, -3051, 3110, -3152, 3211, -3253, 3312, -3354, 3413, -3455, 3514, -3556, 3615, -3657, 3716, -3758, 3817, -3859, 3918, -3960, 4019, -4061, 4120, -4162, 4221, -4263, 4322, -4364, 4423, -4465, 4524, -4566, 4625, -4667, 4726, -4768, 4827, -4869, 4928, -4970, 5029]
5072 : [-22, 79, -123, 180, -224, 281, -325, 382, -426, 483, -527, 584, -628, 685, -729, 786, -830, 887, -931, 988, -1032, 1089, -1133, 1190, -1234, 1291, -1335, 1392, -1436, 1493, -1537, 1594, -1638, 1695, -1739, 1796, -1840, 1897, -1941, 1998, -2042, 2099, -2143, 2200, 2222, -2244, 2301, -2345, 2402, -2446, 2503, -2547, 2604, -2648, 2705, -2749, 2806, -2850, 2907, -2951, 3008, -3052, 3109, -3153, 3210, -3254, 3311, -3355, 3412, -3456, 3513, -3557, 3614, -3658, 3715, -3759, 3816, -3860, 3917, -3961, 4018, -4062, 4119, -4163, 4220, -4264, 4321, -4365, 4422, -4466, 4523, -4567, 4624, -4668, 4725, -4769, 4826, -4870, 4927, -4971, 5028]
5073 : [-23, 78, -124, 179, -225, 280, -326, 381, -427, 482, -528, 583, -629, 684, -730, 785, -831, 886, -932, 987, -1033, 1088, -1134, 1189, -1235, 1290, -1336, 1391, -1437, 1492, -1538, 1593, -1639, 1694, -1740, 1795, -1841, 1896, -1942, 1997, -2043, 2098, -2144, 2199, -2245, 2300, 2323, -2346, 2401, -2447, 2502, -2548, 2603, -2649, 2704, -2750, 2805, -2851, 2906, -2952, 3007, -3053, 3108, -3154, 3209, -3255, 3310, -3356, 3411, -3457, 3512, -3558, 3613, -3659, 3714, -3760, 3815, -3861, 3916, -3962, 4017, -4063, 4118, -4164, 4219, -4265, 4320, -4366, 4421, -4467, 4522, -4568, 4623, -4669, 4724, -4770, 4825, -4871, 4926, -4972, 5027]
5074 : [-24, 77, -125, 178, -226, 279, -327, 380, -428, 481, -529, 582, -630, 683, -731, 784, -832, 885, -933, 986, -1034, 1087, -1135, 1188, -1236, 1289, -1337, 1390, -1438, 1491, -1539, 1592, -1640, 1693, -1741, 1794, -1842, 1895, -1943, 1996, -2044, 2097, -2145, 2198, -2246, 2299, -2347, 2400, 2424, -2448, 2501, -2549, 2602, -2650, 2703, -2751, 2804, -2852, 2905, -2953, 3006, -3054, 3107, -3155, 3208, -3256, 3309, -3357, 3410, -3458, 3511, -3559, 3612, -3660, 3713, -3761, 3814, -3862, 3915, -3963, 4016, -4064, 4117, -4165, 4218, -4266, 4319, -4367, 4420, -4468, 4521, -4569, 4622, -4670, 4723, -4771, 4824, -4872, 4925, -4973, 5026]
5075 : [-25, 76, -126, 177, -227, 278, -328, 379, -429, 480, -530, 581, -631, 682, -732, 783, -833, 884, -934, 985, -1035, 1086, -1136, 1187, -1237, 1288, -1338, 1389, -1439, 1490, -1540, 1591, -1641, 1692, -1742, 1793, -1843, 1894, -1944, 1995, -2045, 2096, -2146, 2197, -2247, 2298, -2348, 2399, -2449, 2500, 2525, -2550, 2601, -2651, 2702, -2752, 2803, -2853, 2904, -2954, 3005, -3055, 3106, -3156, 3207, -3257, 3308, -3358, 3409, -3459, 3510, -3560, 3611, -3661, 3712, -3762, 3813, -3863, 3914, -3964, 4015, -4065, 4116, -4166, 4217, -4267, 4318, -4368, 4419, -4469, 4520, -4570, 4621, -4671, 4722, -4772, 4823, -4873, 4924, -4974, 5025]
5076 : [-26, 75, -127, 176, -228, 277, -329, 378, -430, 479, -531, 580, -632, 681, -733, 782, -834, 883, -935, 984, -1036, 1085, -1137, 1186, -1238, 1287, -1339, 1388, -1440, 1489, -1541, 1590, -1642, 1691, -1743, 1792, -1844, 1893, -1945, 1994, -2046, 2095, -2147, 2196, -2248, 2297, -2349, 2398, -2450, 2499, -2551, 2600, 2626, -2652, 2701, -2753, 2802, -2854, 2903, -2955, 3004, -3056, 3105, -3157, 3206, -3258, 3307, -3359, 3408, -3460, 3509, -3561, 3610, -3662, 3711, -3763, 3812, -3864, 3913, -3965, 4014, -4066, 4115, -4167, 4216, -4268, 4317, -4369, 4418, -4470, 4519, -4571, 4620, -4672, 4721, -4773, 4822, -4874, 4923, -4975, 5024]
5077 : [-27, 74, -128, 175, -229, 276, -330, 377, -431, 478, -532, 579, -633, 680, -734, 781, -835, 882, -936, 983, -1037, 1084, -1138, 1185, -1239, 1286, -1340, 1387, -1441, 1488, -1542, 1589, -1643, 1690, -1744, 1791, -1845, 1892, -1946, 1993, -2047, 2094, -2148, 2195, -2249, 2296, -2350, 2397, -2451, 2498, -2552, 2599, -2653, 2700, 2727, -2754, 2801, -2855, 2902, -2956, 3003, -3057, 3104, -3158, 3205, -3259, 3306, -3360, 3407, -3461, 3508, -3562, 3609, -3663, 3710, -3764, 3811, -3865, 3912, -3966, 4013, -4067, 4114, -4168, 4215, -4269, 4316, -4370, 4417, -4471, 4518, -4572, 4619, -4673, 4720, -4774, 4821, -4875, 4922, -4976, 5023]
5078 : [-28, 73, -129, 174, -230, 275, -331, 376, -432, 477, -533, 578, -634, 679, -735, 780, -836, 881, -937, 982, -1038, 1083, -1139, 1184, -1240, 1285, -1341, 1386, -1442, 1487, -1543, 1588, -1644, 1689, -1745, 1790, -1846, 1891, -1947, 1992, -2048, 2093, -2149, 2194, -2250, 2295, -2351, 2396, -2452, 2497, -2553, 2598, -2654, 2699, -2755, 2800, 2828, -2856, 2901, -2957, 3002, -3058, 3103, -3159, 3204, -3260, 3305, -3361, 3406, -3462, 3507, -3563, 3608, -3664, 3709, -3765, 3810, -3866, 3911, -3967, 4012, -4068, 4113, -4169, 4214, -4270, 4315, -4371, 4416, -4472, 4517, -4573, 4618, -4674, 4719, -4775, 4820, -4876, 4921, -4977, 5022]
5079 : [-29, 72, -130, 173, -231, 274, -332, 375, -433, 476, -534, 577, -635, 678, -736, 779, -837, 880, -938, 981, -1039, 1082, -1140, 1183, -1241, 1284, -1342, 1385, -1443, 1486, -1544, 1587, -1645, 1688, -1746, 1789, -1847, 1890, -1948, 1991, -2049, 2092, -2150, 2193, -2251, 2294, -2352, 2395, -2453, 2496, -2554, 2597, -2655, 2698, -2756, 2799, -2857, 2900, 2929, -2958, 3001, -3059, 3102, -3160, 3203, -3261, 3304, -3362, 3405, -3463, 3506, -3564, 3607, -3665, 3708, -3766, 3809, -3867, 3910, -3968, 4011, -4069, 4112, -4170, 4213, -4271, 4314, -4372, 4415, -4473, 4516, -4574, 4617, -4675, 4718, -4776, 4819, -4877, 4920, -4978, 5021]
5080 : [-30, 71, -131, 172, -232, 273, -333, 374, -434, 475, -535, 576, -636, 677, -737, 778, -838, 879, -939, 980, -1040, 1081, -1141, 1182, -1242, 1283, -1343, 1384, -1444, 1485, -1545, 1586, -1646, 1687, -1747, 1788, -1848, 1889, -1949, 1990, -2050, 2091, -2151, 2192, -2252, 2293, -2353, 2394, -2454, 2495, -2555, 2596, -2656, 2697, -2757, 2798, -2858, 2899, -2959, 3000, 3030, -3060, 3101, -3161, 3202, -3262, 3303, -3363, 3404, -3464, 3505, -3565, 3606, -3666, 3707, -3767, 3808, -3868, 3909, -3969, 4010, -4070, 4111, -4171, 4212, -4272, 4313, -4373, 4414, -4474, 4515, -4575, 4616, -4676, 4717, -4777, 4818, -4878, 4919, -4979, 5020]
5081 : [-31, 70, -132, 171, -233, 272, -334, 373, -435, 474, -536, 575, -637, 676, -738, 777, -839, 878, -940, 979, -1041, 1080, -1142, 1181, -1243, 1282, -1344, 1383, -1445, 1484, -1546, 1585, -1647, 1686, -1748, 1787, -1849, 1888, -1950, 1989, -2051, 2090, -2152, 2191, -2253, 2292, -2354, 2393, -2455, 2494, -2556, 2595, -2657, 2696, -2758, 2797, -2859, 2898, -2960, 2999, -3061, 3100, 3131, -3162, 3201, -3263, 3302, -3364, 3403, -3465, 3504, -3566, 3605, -3667, 3706, -3768, 3807, -3869, 3908, -3970, 4009, -4071, 4110, -4172, 4211, -4273, 4312, -4374, 4413, -4475, 4514, -4576, 4615, -4677, 4716, -4778, 4817, -4879, 4918, -4980, 5019]
5082 : [-32, 69, -133, 170, -234, 271, -335, 372, -436, 473, -537, 574, -638, 675, -739, 776, -840, 877, -941, 978, -1042, 1079, -1143, 1180, -1244, 1281, -1345, 1382, -1446, 1483, -1547, 1584, -1648, 1685, -1749, 1786, -1850, 1887, -1951, 1988, -2052, 2089, -2153, 2190, -2254, 2291, -2355, 2392, -2456, 2493, -2557, 2594, -2658, 2695, -2759, 2796, -2860, 2897, -2961, 2998, -3062, 3099, -3163, 3200, 3232, -3264, 3301, -3365, 3402, -3466, 3503, -3567, 3604, -3668, 3705, -3769, 3806, -3870, 3907, -3971, 4008, -4072, 4109, -4173, 4210, -4274, 4311, -4375, 4412, -4476, 4513, -4577, 4614, -4678, 4715, -4779, 4816, -4880, 4917, -4981, 5018]
5083 : [-33, 68, -134, 169, -235, 270, -336, 371, -437, 472, -538, 573, -639, 674, -740, 775, -841, 876, -942, 977, -1043, 1078, -1144, 1179, -1245, 1280, -1346, 1381, -1447, 1482, -1548, 1583, -1649, 1684, -1750, 1785, -1851, 1886, -1952, 1987, -2053, 2088, -2154, 2189, -2255, 2290, -2356, 2391, -2457, 2492, -2558, 2593, -2659, 2694, -2760, 2795, -2861, 2896, -2962, 2997, -3063, 3098, -3164, 3199, -3265, 3300, 3333, -3366, 3401, -3467, 3502, -3568, 3603, -3669, 3704, -3770, 3805, -3871, 3906, -3972, 4007, -4073, 4108, -4174, 4209, -4275, 4310, -4376, 4411, -4477, 4512, -4578, 4613, -4679, 4714, -4780, 4815, -4881, 4916, -4982, 5017]
5084 : [-34, 67, -135, 168, -236, 269, -337, 370, -438, 471, -539, 572, -640, 673, -741, 774, -842, 875, -943, 976, -1044, 1077, -1145, 1178, -1246, 1279, -1347, 1380, -1448, 1481, -1549, 1582, -1650, 1683, -1751, 1784, -1852, 1885, -1953, 1986, -2054, 2087, -2155, 2188, -2256, 2289, -2357, 2390, -2458, 2491, -2559, 2592, -2660, 2693, -2761, 2794, -2862, 2895, -2963, 2996, -3064, 3097, -3165, 3198, -3266, 3299, -3367, 3400, 3434, -3468, 3501, -3569, 3602, -3670, 3703, -3771, 3804, -3872, 3905, -3973, 4006, -4074, 4107, -4175, 4208, -4276, 4309, -4377, 4410, -4478, 4511, -4579, 4612, -4680, 4713, -4781, 4814, -4882, 4915, -4983, 5016]
5085 : [-35, 66, -136, 167, -237, 268, -338, 369, -439, 470, -540, 571, -641, 672, -742, 773, -843, 874, -944, 975, -1045, 1076, -1146, 1177, -1247, 1278, -1348, 1379, -1449, 1480, -1550, 1581, -1651, 1682, -1752, 1783, -1853, 1884, -1954, 1985, -2055, 2086, -2156, 2187, -2257, 2288, -2358, 2389, -2459, 2490, -2560, 2591, -2661, 2692, -2762, 2793, -2863, 2894, -2964, 2995, -3065, 3096, -3166, 3197, -3267, 3298, -3368, 3399, -3469, 3500, 3535, -3570, 3601, -3671, 3702, -3772, 3803, -3873, 3904, -3974, 4005, -4075, 4106, -4176, 4207, -4277, 4308, -4378, 4409, -4479, 4510, -4580, 4611, -4681, 4712, -4782, 4813, -4883, 4914, -4984, 5015]
5086 : [-36, 65, -137, 166, -238, 267, -339, 368, -440, 469, -541, 570, -642, 671, -743, 772, -844, 873, -945, 974, -1046, 1075, -1147, 1176, -1248, 1277, -1349, 1378, -1450, 1479, -1551, 1580, -1652, 1681, -1753, 1782, -1854, 1883, -1955, 1984, -2056, 2085, -2157, 2186, -2258, 2287, -2359, 2388, -2460, 2489, -2561, 2590, -2662, 2691, -2763, 2792, -2864, 2893, -2965, 2994, -3066, 3095, -3167, 3196, -3268, 3297, -3369, 3398, -3470, 3499, -3571, 3600, 3636, -3672, 3701, -3773, 3802, -3874, 3903, -3975, 4004, -4076, 4105, -4177, 4206, -4278, 4307, -4379, 4408, -4480, 4509, -4581, 4610, -4682, 4711, -4783, 4812, -4884, 4913, -4985, 5014]
5087 : [-37, 64, -138, 165, -239, 266, -340, 367, -441, 468, -542, 569, -643, 670, -744, 771, -845, 872, -946, 973, -1047, 1074, -1148, 1175, -1249, 1276, -1350, 1377, -1451, 1478, -1552, 1579, -1653, 1680, -1754, 1781, -1855, 1882, -1956, 1983, -2057, 2084, -2158, 2185, -2259, 2286, -2360, 2387, -2461, 2488, -2562, 2589, -2663, 2690, -2764, 2791, -2865, 2892, -2966, 2993, -3067, 3094, -3168, 3195, -3269, 3296, -3370, 3397, -3471, 3498, -3572, 3599, -3673, 3700, 3737, -3774, 3801, -3875, 3902, -3976, 4003, -4077, 4104, -4178, 4205, -4279, 4306, -4380, 4407, -4481, 4508, -4582, 4609, -4683, 4710, -4784, 4811, -4885, 4912, -4986, 5013]
5088 : [-38, 63, -139, 164, -240, 265, -341, 366, -442, 467, -543, 568, -644, 669, -745, 770, -846, 871, -947, 972, -1048, 1073, -1149, 1174, -1250, 1275, -1351, 1376, -1452, 1477, -1553, 1578, -1654, 1679, -1755, 1780, -1856, 1881, -1957, 1982, -2058, 2083, -2159, 2184, -2260, 2285, -2361, 2386, -2462, 2487, -2563, 2588, -2664, 2689, -2765, 2790, -2866, 2891, -2967, 2992, -3068, 3093, -3169, 3194, -3270, 3295, -3371, 3396, -3472, 3497, -3573, 3598, -3674, 3699, -3775, 3800, 3838, -3876, 3901, -3977, 4002, -4078, 4103, -4179, 4204, -4280, 4305, -4381, 4406, -4482, 4507, -4583, 4608, -4684, 4709, -4785, 4810, -4886, 4911, -4987, 5012]
5089 : [-39, 62, -140, 163, -241, 264, -342, 365, -443, 466, -544, 567, -645, 668, -746, 769, -847, 870, -948, 971, -1049, 1072, -1150, 1173, -1251, 1274, -1352, 1375, -1453, 1476, -1554, 1577, -1655, 1678, -1756, 1779, -1857, 1880, -1958, 1981, -2059, 2082, -2160, 2183, -2261, 2284, -2362, 2385, -2463, 2486, -2564, 2587, -2665, 2688, -2766, 2789, -2867, 2890, -2968, 2991, -3069, 3092, -3170, 3193, -3271, 3294, -3372, 3395, -3473, 3496, -3574, 3597, -3675, 3698, -3776, 3799, -3877, 3900, 3939, -3978, 4001, -4079, 4102, -4180, 4203, -4281, 4304, -4382, 4405, -4483, 4506, -4584, 4607, -4685, 4708, -4786, 4809, -4887, 4910, -4988, 5011]
5090 : [-40, 61, -141, 162, -242, 263, -343, 364, -444, 465, -545, 566, -646, 667, -747, 768, -848, 869, -949, 970, -1050, 1071, -1151, 1172, -1252, 1273, -1353, 1374, -1454, 1475, -1555, 1576, -1656, 1677, -1757, 1778, -1858, 1879, -1959, 1980, -2060, 2081, -2161, 2182, -2262, 2283, -2363, 2384, -2464, 2485, -2565, 2586, -2666, 2687, -2767, 2788, -2868, 2889, -2969, 2990, -3070, 3091, -3171, 3192, -3272, 3293, -3373, 3394, -3474, 3495, -3575, 3596, -3676, 3697, -3777, 3798, -3878, 3899, -3979, 4000, 4040, -4080, 4101, -4181, 4202, -4282, 4303, -4383, 4404, -4484, 4505, -4585, 4606, -4686, 4707, -4787, 4808, -4888, 4909, -4989, 5010]
5091 : [-41, 60, -142, 161, -243, 262, -344, 363, -445, 464, -546, 565, -647, 666, -748, 767, -849, 868, -950, 969, -1051, 1070, -1152, 1171, -1253, 1272, -1354, 1373, -1455, 1474, -1556, 1575, -1657, 1676, -1758, 1777, -1859, 1878, -1960, 1979, -2061, 2080, -2162, 2181, -2263, 2282, -2364, 2383, -2465, 2484, -2566, 2585, -2667, 2686, -2768, 2787, -2869, 2888, -2970, 2989, -3071, 3090, -3172, 3191, -3273, 3292, -3374, 3393, -3475, 3494, -3576, 3595, -3677, 3696, -3778, 3797, -3879, 3898, -3980, 3999, -4081, 4100, 4141, -4182, 4201, -4283, 4302, -4384, 4403, -4485, 4504, -4586, 4605, -4687, 4706, -4788, 4807, -4889, 4908, -4990, 5009]
5092 : [-42, 59, -143, 160, -244, 261, -345, 362, -446, 463, -547, 564, -648, 665, -749, 766, -850, 867, -951, 968, -1052, 1069, -1153, 1170, -1254, 1271, -1355, 1372, -1456, 1473, -1557, 1574, -1658, 1675, -1759, 1776, -1860, 1877, -1961, 1978, -2062, 2079, -2163, 2180, -2264, 2281, -2365, 2382, -2466, 2483, -2567, 2584, -2668, 2685, -2769, 2786, -2870, 2887, -2971, 2988, -3072, 3089, -3173, 3190, -3274, 3291, -3375, 3392, -3476, 3493, -3577, 3594, -3678, 3695, -3779, 3796, -3880, 3897, -3981, 3998, -4082, 4099, -4183, 4200, 4242, -4284, 4301, -4385, 4402, -4486, 4503, -4587, 4604, -4688, 4705, -4789, 4806, -4890, 4907, -4991, 5008]
5093 : [-43, 58, -144, 159, -245, 260, -346, 361, -447, 462, -548, 563, -649, 664, -750, 765, -851, 866, -952, 967, -1053, 1068, -1154, 1169, -1255, 1270, -1356, 1371, -1457, 1472, -1558, 1573, -1659, 1674, -1760, 1775, -1861, 1876, -1962, 1977, -2063, 2078, -2164, 2179, -2265, 2280, -2366, 2381, -2467, 2482, -2568, 2583, -2669, 2684, -2770, 2785, -2871, 2886, -2972, 2987, -3073, 3088, -3174, 3189, -3275, 3290, -3376, 3391, -3477, 3492, -3578, 3593, -3679, 3694, -3780, 3795, -3881, 3896, -3982, 3997, -4083, 4098, -4184, 4199, -4285, 4300, 4343, -4386, 4401, -4487, 4502, -4588, 4603, -4689, 4704, -4790, 4805, -4891, 4906, -4992, 5007]
5094 : [-44, 57, -145, 158, -246, 259, -347, 360, -448, 461, -549, 562, -650, 663, -751, 764, -852, 865, -953, 966, -1054, 1067, -1155, 1168, -1256, 1269, -1357, 1370, -1458, 1471, -1559, 1572, -1660, 1673, -1761, 1774, -1862, 1875, -1963, 1976, -2064, 2077, -2165, 2178, -2266, 2279, -2367, 2380, -2468, 2481, -2569, 2582, -2670, 2683, -2771, 2784, -2872, 2885, -2973, 2986, -3074, 3087, -3175, 3188, -3276, 3289, -3377, 3390, -3478, 3491, -3579, 3592, -3680, 3693, -3781, 3794, -3882, 3895, -3983, 3996, -4084, 4097, -4185, 4198, -4286, 4299, -4387, 4400, 4444, -4488, 4501, -4589, 4602, -4690, 4703, -4791, 4804, -4892, 4905, -4993, 5006]
5095 : [-45, 56, -146, 157, -247, 258, -348, 359, -449, 460, -550, 561, -651, 662, -752, 763, -853, 864, -954, 965, -1055, 1066, -1156, 1167, -1257, 1268, -1358, 1369, -1459, 1470, -1560, 1571, -1661, 1672, -1762, 1773, -1863, 1874, -1964, 1975, -2065, 2076, -2166, 2177, -2267, 2278, -2368, 2379, -2469, 2480, -2570, 2581, -2671, 2682, -2772, 2783, -2873, 2884, -2974, 2985, -3075, 3086, -3176, 3187, -3277, 3288, -3378, 3389, -3479, 3490, -3580, 3591, -3681, 3692, -3782, 3793, -3883, 3894, -3984, 3995, -4085, 4096, -4186, 4197, -4287, 4298, -4388, 4399, -4489, 4500, 4545, -4590, 4601, -4691, 4702, -4792, 4803, -4893, 4904, -4994, 5005]
5096 : [-46, 55, -147, 156, -248, 257, -349, 358, -450, 459, -551, 560, -652, 661, -753, 762, -854, 863, -955, 964, -1056, 1065, -1157, 1166, -1258, 1267, -1359, 1368, -1460, 1469, -1561, 1570, -1662, 1671, -1763, 1772, -1864, 1873, -1965, 1974, -2066, 2075, -2167, 2176, -2268, 2277, -2369, 2378, -2470, 2479, -2571, 2580, -2672, 2681, -2773, 2782, -2874, 2883, -2975, 2984, -3076, 3085, -3177, 3186, -3278, 3287, -3379, 3388, -3480, 3489, -3581, 3590, -3682, 3691, -3783, 3792, -3884, 3893, -3985, 3994, -4086, 4095, -4187, 4196, -4288, 4297, -4389, 4398, -4490, 4499, -4591, 4600, 4646, -4692, 4701, -4793, 4802, -4894, 4903, -4995, 5004]
5097 : [-47, 54, -148, 155, -249, 256, -350, 357, -451, 458, -552, 559, -653, 660, -754, 761, -855, 862, -956, 963, -1057, 1064, -1158, 1165, -1259, 1266, -1360, 1367, -1461, 1468, -1562, 1569, -1663, 1670, -1764, 1771, -1865, 1872, -1966, 1973, -2067, 2074, -2168, 2175, -2269, 2276, -2370, 2377, -2471, 2478, -2572, 2579, -2673, 2680, -2774, 2781, -2875, 2882, -2976, 2983, -3077, 3084, -3178, 3185, -3279, 3286, -3380, 3387, -3481, 3488, -3582, 3589, -3683, 3690, -3784, 3791, -3885, 3892, -3986, 3993, -4087, 4094, -4188, 4195, -4289, 4296, -4390, 4397, -4491, 4498, -4592, 4599, -4693, 4700, 4747, -4794, 4801, -4895, 4902, -4996, 5003]
5098 : [-48, 53, -149, 154, -250, 255, -351, 356, -452, 457, -553, 558, -654, 659, -755, 760, -856, 861, -957, 962, -1058, 1063, -1159, 1164, -1260, 1265, -1361, 1366, -1462, 1467, -1563, 1568, -1664, 1669, -1765, 1770, -1866, 1871, -1967, 1972, -2068, 2073, -2169, 2174, -2270, 2275, -2371, 2376, -2472, 2477, -2573, 2578, -2674, 2679, -2775, 2780, -2876, 2881, -2977, 2982, -3078, 3083, -3179, 3184, -3280, 3285, -3381, 3386, -3482, 3487, -3583, 3588, -3684, 3689, -3785, 3790, -3886, 3891, -3987, 3992, -4088, 4093, -4189, 4194, -4290, 4295, -4391, 4396, -4492, 4497, -4593, 4598, -4694, 4699, -4795, 4800, 4848, -4896, 4901, -4997, 5002]
5099 : [-49, 52, -150, 153, -251, 254, -352, 355, -453, 456, -554, 557, -655, 658, -756, 759, -857, 860, -958, 961, -1059, 1062, -1160, 1163, -1261, 1264, -1362, 1365, -1463, 1466, -1564, 1567, -1665, 1668, -1766, 1769, -1867, 1870, -1968, 1971, -2069, 2072, -2170, 2173, -2271, 2274, -2372, 2375, -2473, 2476, -2574, 2577, -2675, 2678, -2776, 2779, -2877, 2880, -2978, 2981, -3079, 3082, -3180, 3183, -3281, 3284, -3382, 3385, -3483, 3486, -3584, 3587, -3685, 3688, -3786, 3789, -3887, 3890, -3988, 3991, -4089, 4092, -4190, 4193, -4291, 4294, -4392, 4395, -4493, 4496, -4594, 4597, -4695, 4698, -4796, 4799, -4897, 4900, 4949, -4998, 5001]
5100 : [-50, 51, -151, 152, -252, 253, -353, 354, -454, 455, -555, 556, -656, 657, -757, 758, -858, 859, -959, 960, -1060, 1061, -1161, 1162, -1262, 1263, -1363, 1364, -1464, 1465, -1565, 1566, -1666, 1667, -1767, 1768, -1868, 1869, -1969, 1970, -2070, 2071, -2171, 2172, -2272, 2273, -2373, 2374, -2474, 2475, -2575, 2576, -2676, 2677, -2777, 2778, -2878, 2879, -2979, 2980, -3080, 3081, -3181, 3182, -3282, 3283, -3383, 3384, -3484, 3485, -3585, 3586, -3686, 3687, -3787, 3788, -3888, 3889, -3989, 3990, -4090, 4091, -4191, 4192, -4292, 4293, -4393, 4394, -4494, 4495, -4595, 4596, -4696, 4697, -4797, 4798, -4898, 4899, -4999, 5000, 5050]
-5100 : [50, -51, 151, -152, 252, -253, 353, -354, 454, -455, 555, -556, 656, -657, 757, -758, 858, -859, 959, -960, 1060, -1061, 1161, -1162, 1262, -1263, 1363, -1364, 1464, -1465, 1565, -1566, 1666, -1667, 1767, -1768, 1868, -1869, 1969, -1970, 2070, -2071, 2171, -2172, 2272, -2273, 2373, -2374, 2474, -2475, 2575, -2576, 2676, -2677, 2777, -2778, 2878, -2879, 2979, -2980, 3080, -3081, 3181, -3182, 3282, -3283, 3383, -3384, 3484, -3485, 3585, -3586, 3686, -3687, 3787, -3788, 3888, -3889, 3989, -3990, 4090, -4091, 4191, -4192, 4292, -4293, 4393, -4394, 4494, -4495, 4595, -4596, 4696, -4697, 4797, -4798, 4898, -4899, 4999, -5000, -5050]
-5099 : [49, -52, 150, -153, 251, -254, 352, -355, 453, -456, 554, -557, 655, -658, 756, -759, 857, -860, 958, -961, 1059, -1062, 1160, -1163, 1261, -1264, 1362, -1365, 1463, -1466, 1564, -1567, 1665, -1668, 1766, -1769, 1867, -1870, 1968, -1971, 2069, -2072, 2170, -2173, 2271, -2274, 2372, -2375, 2473, -2476, 2574, -2577, 2675, -2678, 2776, -2779, 2877, -2880, 2978, -2981, 3079, -3082, 3180, -3183, 3281, -3284, 3382, -3385, 3483, -3486, 3584, -3587, 3685, -3688, 3786, -3789, 3887, -3890, 3988, -3991, 4089, -4092, 4190, -4193, 4291, -4294, 4392, -4395, 4493, -4496, 4594, -4597, 4695, -4698, 4796, -4799, 4897, -4900, -4949, 4998, -5001]
-5098 : [48, -53, 149, -154, 250, -255, 351, -356, 452, -457, 553, -558, 654, -659, 755, -760, 856, -861, 957, -962, 1058, -1063, 1159, -1164, 1260, -1265, 1361, -1366, 1462, -1467, 1563, -1568, 1664, -1669, 1765, -1770, 1866, -1871, 1967, -1972, 2068, -2073, 2169, -2174, 2270, -2275, 2371, -2376, 2472, -2477, 2573, -2578, 2674, -2679, 2775, -2780, 2876, -2881, 2977, -2982, 3078, -3083, 3179, -3184, 3280, -3285, 3381, -3386, 3482, -3487, 3583, -3588, 3684, -3689, 3785, -3790, 3886, -3891, 3987, -3992, 4088, -4093, 4189, -4194, 4290, -4295, 4391, -4396, 4492, -4497, 4593, -4598, 4694, -4699, 4795, -4800, -4848, 4896, -4901, 4997, -5002]
-5097 : [47, -54, 148, -155, 249, -256, 350, -357, 451, -458, 552, -559, 653, -660, 754, -761, 855, -862, 956, -963, 1057, -1064, 1158, -1165, 1259, -1266, 1360, -1367, 1461, -1468, 1562, -1569, 1663, -1670, 1764, -1771, 1865, -1872, 1966, -1973, 2067, -2074, 2168, -2175, 2269, -2276, 2370, -2377, 2471, -2478, 2572, -2579, 2673, -2680, 2774, -2781, 2875, -2882, 2976, -2983, 3077, -3084, 3178, -3185, 3279, -3286, 3380, -3387, 3481, -3488, 3582, -3589, 3683, -3690, 3784, -3791, 3885, -3892, 3986, -3993, 4087, -4094, 4188, -4195, 4289, -4296, 4390, -4397, 4491, -4498, 4592, -4599, 4693, -4700, -4747, 4794, -4801, 4895, -4902, 4996, -5003]
-5096 : [46, -55, 147, -156, 248, -257, 349, -358, 450, -459, 551, -560, 652, -661, 753, -762, 854, -863, 955, -964, 1056, -1065, 1157, -1166, 1258, -1267, 1359, -1368, 1460, -1469, 1561, -1570, 1662, -1671, 1763, -1772, 1864, -1873, 1965, -1974, 2066, -2075, 2167, -2176, 2268, -2277, 2369, -2378, 2470, -2479, 2571, -2580, 2672, -2681, 2773, -2782, 2874, -2883, 2975, -2984, 3076, -3085, 3177, -3186, 3278, -3287, 3379, -3388, 3480, -3489, 3581, -3590, 3682, -3691, 3783, -3792, 3884, -3893, 3985, -3994, 4086, -4095, 4187, -4196, 4288, -4297, 4389, -4398, 4490, -4499, 4591, -4600, -4646, 4692, -4701, 4793, -4802, 4894, -4903, 4995, -5004]
-5095 : [45, -56, 146, -157, 247, -258, 348, -359, 449, -460, 550, -561, 651, -662, 752, -763, 853, -864, 954, -965, 1055, -1066, 1156, -1167, 1257, -1268, 1358, -1369, 1459, -1470, 1560, -1571, 1661, -1672, 1762, -1773, 1863, -1874, 1964, -1975, 2065, -2076, 2166, -2177, 2267, -2278, 2368, -2379, 2469, -2480, 2570, -2581, 2671, -2682, 2772, -2783, 2873, -2884, 2974, -2985, 3075, -3086, 3176, -3187, 3277, -3288, 3378, -3389, 3479, -3490, 3580, -3591, 3681, -3692, 3782, -3793, 3883, -3894, 3984, -3995, 4085, -4096, 4186, -4197, 4287, -4298, 4388, -4399, 4489, -4500, -4545, 4590, -4601, 4691, -4702, 4792, -4803, 4893, -4904, 4994, -5005]
-5094 : [44, -57, 145, -158, 246, -259, 347, -360, 448, -461, 549, -562, 650, -663, 751, -764, 852, -865, 953, -966, 1054, -1067, 1155, -1168, 1256, -1269, 1357, -1370, 1458, -1471, 1559, -1572, 1660, -1673, 1761, -1774, 1862, -1875, 1963, -1976, 2064, -2077, 2165, -2178, 2266, -2279, 2367, -2380, 2468, -2481, 2569, -2582, 2670, -2683, 2771, -2784, 2872, -2885, 2973, -2986, 3074, -3087, 3175, -3188, 3276, -3289, 3377, -3390, 3478, -3491, 3579, -3592, 3680, -3693, 3781, -3794, 3882, -3895, 3983, -3996, 4084, -4097, 4185, -4198, 4286, -4299, 4387, -4400, -4444, 4488, -4501, 4589, -4602, 4690, -4703, 4791, -4804, 4892, -4905, 4993, -5006]
-5093 : [43, -58, 144, -159, 245, -260, 346, -361, 447, -462, 548, -563, 649, -664, 750, -765, 851, -866, 952, -967, 1053, -1068, 1154, -1169, 1255, -1270, 1356, -1371, 1457, -1472, 1558, -1573, 1659, -1674, 1760, -1775, 1861, -1876, 1962, -1977, 2063, -2078, 2164, -2179, 2265, -2280, 2366, -2381, 2467, -2482, 2568, -2583, 2669, -2684, 2770, -2785, 2871, -2886, 2972, -2987, 3073, -3088, 3174, -3189, 3275, -3290, 3376, -3391, 3477, -3492, 3578, -3593, 3679, -3694, 3780, -3795, 3881, -3896, 3982, -3997, 4083, -4098, 4184, -4199, 4285, -4300, -4343, 4386, -4401, 4487, -4502, 4588, -4603, 4689, -4704, 4790, -4805, 4891, -4906, 4992, -5007]
-5092 : [42, -59, 143, -160, 244, -261, 345, -362, 446, -463, 547, -564, 648, -665, 749, -766, 850, -867, 951, -968, 1052, -1069, 1153, -1170, 1254, -1271, 1355, -1372, 1456, -1473, 1557, -1574, 1658, -1675, 1759, -1776, 1860, -1877, 1961, -1978, 2062, -2079, 2163, -2180, 2264, -2281, 2365, -2382, 2466, -2483, 2567, -2584, 2668, -2685, 2769, -2786, 2870, -2887, 2971, -2988, 3072, -3089, 3173, -3190, 3274, -3291, 3375, -3392, 3476, -3493, 3577, -3594, 3678, -3695, 3779, -3796, 3880, -3897, 3981, -3998, 4082, -4099, 4183, -4200, -4242, 4284, -4301, 4385, -4402, 4486, -4503, 4587, -4604, 4688, -4705, 4789, -4806, 4890, -4907, 4991, -5008]
-5091 : [41, -60, 142, -161, 243, -262, 344, -363, 445, -464, 546, -565, 647, -666, 748, -767, 849, -868, 950, -969, 1051, -1070, 1152, -1171, 1253, -1272, 1354, -1373, 1455, -1474, 1556, -1575, 1657, -1676, 1758, -1777, 1859, -1878, 1960, -1979, 2061, -2080, 2162, -2181, 2263, -2282, 2364, -2383, 2465, -2484, 2566, -2585, 2667, -2686, 2768, -2787, 2869, -2888, 2970, -2989, 3071, -3090, 3172, -3191, 3273, -3292, 3374, -3393, 3475, -3494, 3576, -3595, 3677, -3696, 3778, -3797, 3879, -3898, 3980, -3999, 4081, -4100, -4141, 4182, -4201, 4283, -4302, 4384, -4403, 4485, -4504, 4586, -4605, 4687, -4706, 4788, -4807, 4889, -4908, 4990, -5009]
-5090 : [40, -61, 141, -162, 242, -263, 343, -364, 444, -465, 545, -566, 646, -667, 747, -768, 848, -869, 949, -970, 1050, -1071, 1151, -1172, 1252, -1273, 1353, -1374, 1454, -1475, 1555, -1576, 1656, -1677, 1757, -1778, 1858, -1879, 1959, -1980, 2060, -2081, 2161, -2182, 2262, -2283, 2363, -2384, 2464, -2485, 2565, -2586, 2666, -2687, 2767, -2788, 2868, -2889, 2969, -2990, 3070, -3091, 3171, -3192, 3272, -3293, 3373, -3394, 3474, -3495, 3575, -3596, 3676, -3697, 3777, -3798, 3878, -3899, 3979, -4000, -4040, 4080, -4101, 4181, -4202, 4282, -4303, 4383, -4404, 4484, -4505, 4585, -4606, 4686, -4707, 4787, -4808, 4888, -4909, 4989, -5010]
-5089 : [39, -62, 140, -163, 241, -264, 342, -365, 443, -466, 544, -567, 645, -668, 746, -769, 847, -870, 948, -971, 1049, -1072, 1150, -1173, 1251, -1274, 1352, -1375, 1453, -1476, 1554, -1577, 1655, -1678, 1756, -1779, 1857, -1880, 1958, -1981, 2059, -2082, 2160, -2183, 2261, -2284, 2362, -2385, 2463, -2486, 2564, -2587, 2665, -2688, 2766, -2789, 2867, -2890, 2968, -2991, 3069, -3092, 3170, -3193, 3271, -3294, 3372, -3395, 3473, -3496, 3574, -3597, 3675, -3698, 3776, -3799, 3877, -3900, -3939, 3978, -4001, 4079, -4102, 4180, -4203, 4281, -4304, 4382, -4405, 4483, -4506, 4584, -4607, 4685, -4708, 4786, -4809, 4887, -4910, 4988, -5011]
-5088 : [38, -63, 139, -164, 240, -265, 341, -366, 442, -467, 543, -568, 644, -669, 745, -770, 846, -871, 947, -972, 1048, -1073, 1149, -1174, 1250, -1275, 1351, -1376, 1452, -1477, 1553, -1578, 1654, -1679, 1755, -1780, 1856, -1881, 1957, -1982, 2058, -2083, 2159, -2184, 2260, -2285, 2361, -2386, 2462, -2487, 2563, -2588, 2664, -2689, 2765, -2790, 2866, -2891, 2967, -2992, 3068, -3093, 3169, -3194, 3270, -3295, 3371, -3396, 3472, -3497, 3573, -3598, 3674, -3699, 3775, -3800, -3838, 3876, -3901, 3977, -4002, 4078, -4103, 4179, -4204, 4280, -4305, 4381, -4406, 4482, -4507, 4583, -4608, 4684, -4709, 4785, -4810, 4886, -4911, 4987, -5012]
-5087 : [37, -64, 138, -165, 239, -266, 340, -367, 441, -468, 542, -569, 643, -670, 744, -771, 845, -872, 946, -973, 1047, -1074, 1148, -1175, 1249, -1276, 1350, -1377, 1451, -1478, 1552, -1579, 1653, -1680, 1754, -1781, 1855, -1882, 1956, -1983, 2057, -2084, 2158, -2185, 2259, -2286, 2360, -2387, 2461, -2488, 2562, -2589, 2663, -2690, 2764, -2791, 2865, -2892, 2966, -2993, 3067, -3094, 3168, -3195, 3269, -3296, 3370, -3397, 3471, -3498, 3572, -3599, 3673, -3700, -3737, 3774, -3801, 3875, -3902, 3976, -4003, 4077, -4104, 4178, -4205, 4279, -4306, 4380, -4407, 4481, -4508, 4582, -4609, 4683, -4710, 4784, -4811, 4885, -4912, 4986, -5013]
-5086 : [36, -65, 137, -166, 238, -267, 339, -368, 440, -469, 541, -570, 642, -671, 743, -772, 844, -873, 945, -974, 1046, -1075, 1147, -1176, 1248, -1277, 1349, -1378, 1450, -1479, 1551, -1580, 1652, -1681, 1753, -1782, 1854, -1883, 1955, -1984, 2056, -2085, 2157, -2186, 2258, -2287, 2359, -2388, 2460, -2489, 2561, -2590, 2662, -2691, 2763, -2792, 2864, -2893, 2965, -2994, 3066, -3095, 3167, -3196, 3268, -3297, 3369, -3398, 3470, -3499, 3571, -3600, -3636, 3672, -3701, 3773, -3802, 3874, -3903, 3975, -4004, 4076, -4105, 4177, -4206, 4278, -4307, 4379, -4408, 4480, -4509, 4581, -4610, 4682, -4711, 4783, -4812, 4884, -4913, 4985, -5014]
-5085 : [35, -66, 136, -167, 237, -268, 338, -369, 439, -470, 540, -571, 641, -672, 742, -773, 843, -874, 944, -975, 1045, -1076, 1146, -1177, 1247, -1278, 1348, -1379, 1449, -1480, 1550, -1581, 1651, -1682, 1752, -1783, 1853, -1884, 1954, -1985, 2055, -2086, 2156, -2187, 2257, -2288, 2358, -2389, 2459, -2490, 2560, -2591, 2661, -2692, 2762, -2793, 2863, -2894, 2964, -2995, 3065, -3096, 3166, -3197, 3267, -3298, 3368, -3399, 3469, -3500, -3535, 3570, -3601, 3671, -3702, 3772, -3803, 3873, -3904, 3974, -4005, 4075, -4106, 4176, -4207, 4277, -4308, 4378, -4409, 4479, -4510, 4580, -4611, 4681, -4712, 4782, -4813, 4883, -4914, 4984, -5015]
-5084 : [34, -67, 135, -168, 236, -269, 337, -370, 438, -471, 539, -572, 640, -673, 741, -774, 842, -875, 943, -976, 1044, -1077, 1145, -1178, 1246, -1279, 1347, -1380, 1448, -1481, 1549, -1582, 1650, -1683, 1751, -1784, 1852, -1885, 1953, -1986, 2054, -2087, 2155, -2188, 2256, -2289, 2357, -2390, 2458, -2491, 2559, -2592, 2660, -2693, 2761, -2794, 2862, -2895, 2963, -2996, 3064, -3097, 3165, -3198, 3266, -3299, 3367, -3400, -3434, 3468, -3501, 3569, -3602, 3670, -3703, 3771, -3804, 3872, -3905, 3973, -4006, 4074, -4107, 4175, -4208, 4276, -4309, 4377, -4410, 4478, -4511, 4579, -4612, 4680, -4713, 4781, -4814, 4882, -4915, 4983, -5016]
-5083 : [33, -68, 134, -169, 235, -270, 336, -371, 437, -472, 538, -573, 639, -674, 740, -775, 841, -876, 942, -977, 1043, -1078, 1144, -1179, 1245, -1280, 1346, -1381, 1447, -1482, 1548, -1583, 1649, -1684, 1750, -1785, 1851, -1886, 1952, -1987, 2053, -2088, 2154, -2189, 2255, -2290, 2356, -2391, 2457, -2492, 2558, -2593, 2659, -2694, 2760, -2795, 2861, -2896, 2962, -2997, 3063, -3098, 3164, -3199, 3265, -3300, -3333, 3366, -3401, 3467, -3502, 3568, -3603, 3669, -3704, 3770, -3805, 3871, -3906, 3972, -4007, 4073, -4108, 4174, -4209, 4275, -4310, 4376, -4411, 4477, -4512, 4578, -4613, 4679, -4714, 4780, -4815, 4881, -4916, 4982, -5017]
-5082 : [32, -69, 133, -170, 234, -271, 335, -372, 436, -473, 537, -574, 638, -675, 739, -776, 840, -877, 941, -978, 1042, -1079, 1143, -1180, 1244, -1281, 1345, -1382, 1446, -1483, 1547, -1584, 1648, -1685, 1749, -1786, 1850, -1887, 1951, -1988, 2052, -2089, 2153, -2190, 2254, -2291, 2355, -2392, 2456, -2493, 2557, -2594, 2658, -2695, 2759, -2796, 2860, -2897, 2961, -2998, 3062, -3099, 3163, -3200, -3232, 3264, -3301, 3365, -3402, 3466, -3503, 3567, -3604, 3668, -3705, 3769, -3806, 3870, -3907, 3971, -4008, 4072, -4109, 4173, -4210, 4274, -4311, 4375, -4412, 4476, -4513, 4577, -4614, 4678, -4715, 4779, -4816, 4880, -4917, 4981, -5018]
-5081 : [31, -70, 132, -171, 233, -272, 334, -373, 435, -474, 536, -575, 637, -676, 738, -777, 839, -878, 940, -979, 1041, -1080, 1142, -1181, 1243, -1282, 1344, -1383, 1445, -1484, 1546, -1585, 1647, -1686, 1748, -1787, 1849, -1888, 1950, -1989, 2051, -2090, 2152, -2191, 2253, -2292, 2354, -2393, 2455, -2494, 2556, -2595, 2657, -2696, 2758, -2797, 2859, -2898, 2960, -2999, 3061, -3100, -3131, 3162, -3201, 3263, -3302, 3364, -3403, 3465, -3504, 3566, -3605, 3667, -3706, 3768, -3807, 3869, -3908, 3970, -4009, 4071, -4110, 4172, -4211, 4273, -4312, 4374, -4413, 4475, -4514, 4576, -4615, 4677, -4716, 4778, -4817, 4879, -4918, 4980, -5019]
-5080 : [30, -71, 131, -172, 232, -273, 333, -374, 434, -475, 535, -576, 636, -677, 737, -778, 838, -879, 939, -980, 1040, -1081, 1141, -1182, 1242, -1283, 1343, -1384, 1444, -1485, 1545, -1586, 1646, -1687, 1747, -1788, 1848, -1889, 1949, -1990, 2050, -2091, 2151, -2192, 2252, -2293, 2353, -2394, 2454, -2495, 2555, -2596, 2656, -2697, 2757, -2798, 2858, -2899, 2959, -3000, -3030, 3060, -3101, 3161, -3202, 3262, -3303, 3363, -3404, 3464, -3505, 3565, -3606, 3666, -3707, 3767, -3808, 3868, -3909, 3969, -4010, 4070, -4111, 4171, -4212, 4272, -4313, 4373, -4414, 4474, -4515, 4575, -4616, 4676, -4717, 4777, -4818, 4878, -4919, 4979, -5020]
-5079 : [29, -72, 130, -173, 231, -274, 332, -375, 433, -476, 534, -577, 635, -678, 736, -779, 837, -880, 938, -981, 1039, -1082, 1140, -1183, 1241, -1284, 1342, -1385, 1443, -1486, 1544, -1587, 1645, -1688, 1746, -1789, 1847, -1890, 1948, -1991, 2049, -2092, 2150, -2193, 2251, -2294, 2352, -2395, 2453, -2496, 2554, -2597, 2655, -2698, 2756, -2799, 2857, -2900, -2929, 2958, -3001, 3059, -3102, 3160, -3203, 3261, -3304, 3362, -3405, 3463, -3506, 3564, -3607, 3665, -3708, 3766, -3809, 3867, -3910, 3968, -4011, 4069, -4112, 4170, -4213, 4271, -4314, 4372, -4415, 4473, -4516, 4574, -4617, 4675, -4718, 4776, -4819, 4877, -4920, 4978, -5021]
-5078 : [28, -73, 129, -174, 230, -275, 331, -376, 432, -477, 533, -578, 634, -679, 735, -780, 836, -881, 937, -982, 1038, -1083, 1139, -1184, 1240, -1285, 1341, -1386, 1442, -1487, 1543, -1588, 1644, -1689, 1745, -1790, 1846, -1891, 1947, -1992, 2048, -2093, 2149, -2194, 2250, -2295, 2351, -2396, 2452, -2497, 2553, -2598, 2654, -2699, 2755, -2800, -2828, 2856, -2901, 2957, -3002, 3058, -3103, 3159, -3204, 3260, -3305, 3361, -3406, 3462, -3507, 3563, -3608, 3664, -3709, 3765, -3810, 3866, -3911, 3967, -4012, 4068, -4113, 4169, -4214, 4270, -4315, 4371, -4416, 4472, -4517, 4573, -4618, 4674, -4719, 4775, -4820, 4876, -4921, 4977, -5022]
-5077 : [27, -74, 128, -175, 229, -276, 330, -377, 431, -478, 532, -579, 633, -680, 734, -781, 835, -882, 936, -983, 1037, -1084, 1138, -1185, 1239, -1286, 1340, -1387, 1441, -1488, 1542, -1589, 1643, -1690, 1744, -1791, 1845, -1892, 1946, -1993, 2047, -2094, 2148, -2195, 2249, -2296, 2350, -2397, 2451, -2498, 2552, -2599, 2653, -2700, -2727, 2754, -2801, 2855, -2902, 2956, -3003, 3057, -3104, 3158, -3205, 3259, -3306, 3360, -3407, 3461, -3508, 3562, -3609, 3663, -3710, 3764, -3811, 3865, -3912, 3966, -4013, 4067, -4114, 4168, -4215, 4269, -4316, 4370, -4417, 4471, -4518, 4572, -4619, 4673, -4720, 4774, -4821, 4875, -4922, 4976, -5023]
-5076 : [26, -75, 127, -176, 228, -277, 329, -378, 430, -479, 531, -580, 632, -681, 733, -782, 834, -883, 935, -984, 1036, -1085, 1137, -1186, 1238, -1287, 1339, -1388, 1440, -1489, 1541, -1590, 1642, -1691, 1743, -1792, 1844, -1893, 1945, -1994, 2046, -2095, 2147, -2196, 2248, -2297, 2349, -2398, 2450, -2499, 2551, -2600, -2626, 2652, -2701, 2753, -2802, 2854, -2903, 2955, -3004, 3056, -3105, 3157, -3206, 3258, -3307, 3359, -3408, 3460, -3509, 3561, -3610, 3662, -3711, 3763, -3812, 3864, -3913, 3965, -4014, 4066, -4115, 4167, -4216, 4268, -4317, 4369, -4418, 4470, -4519, 4571, -4620, 4672, -4721, 4773, -4822, 4874, -4923, 4975, -5024]
-5075 : [25, -76, 126, -177, 227, -278, 328, -379, 429, -480, 530, -581, 631, -682, 732, -783, 833, -884, 934, -985, 1035, -1086, 1136, -1187, 1237, -1288, 1338, -1389, 1439, -1490, 1540, -1591, 1641, -1692, 1742, -1793, 1843, -1894, 1944, -1995, 2045, -2096, 2146, -2197, 2247, -2298, 2348, -2399, 2449, -2500, -2525, 2550, -2601, 2651, -2702, 2752, -2803, 2853, -2904, 2954, -3005, 3055, -3106, 3156, -3207, 3257, -3308, 3358, -3409, 3459, -3510, 3560, -3611, 3661, -3712, 3762, -3813, 3863, -3914, 3964, -4015, 4065, -4116, 4166, -4217, 4267, -4318, 4368, -4419, 4469, -4520, 4570, -4621, 4671, -4722, 4772, -4823, 4873, -4924, 4974, -5025]
-5074 : [24, -77, 125, -178, 226, -279, 327, -380, 428, -481, 529, -582, 630, -683, 731, -784, 832, -885, 933, -986, 1034, -1087, 1135, -1188, 1236, -1289, 1337, -1390, 1438, -1491, 1539, -1592, 1640, -1693, 1741, -1794, 1842, -1895, 1943, -1996, 2044, -2097, 2145, -2198, 2246, -2299, 2347, -2400, -2424, 2448, -2501, 2549, -2602, 2650, -2703, 2751, -2804, 2852, -2905, 2953, -3006, 3054, -3107, 3155, -3208, 3256, -3309, 3357, -3410, 3458, -3511, 3559, -3612, 3660, -3713, 3761, -3814, 3862, -3915, 3963, -4016, 4064, -4117, 4165, -4218, 4266, -4319, 4367, -4420, 4468, -4521, 4569, -4622, 4670, -4723, 4771, -4824, 4872, -4925, 4973, -5026]
-5073 : [23, -78, 124, -179, 225, -280, 326, -381, 427, -482, 528, -583, 629, -684, 730, -785, 831, -886, 932, -987, 1033, -1088, 1134, -1189, 1235, -1290, 1336, -1391, 1437, -1492, 1538, -1593, 1639, -1694, 1740, -1795, 1841, -1896, 1942, -1997, 2043, -2098, 2144, -2199, 2245, -2300, -2323, 2346, -2401, 2447, -2502, 2548, -2603, 2649, -2704, 2750, -2805, 2851, -2906, 2952, -3007, 3053, -3108, 3154, -3209, 3255, -3310, 3356, -3411, 3457, -3512, 3558, -3613, 3659, -3714, 3760, -3815, 3861, -3916, 3962, -4017, 4063, -4118, 4164, -4219, 4265, -4320, 4366, -4421, 4467, -4522, 4568, -4623, 4669, -4724, 4770, -4825, 4871, -4926, 4972, -5027]
-5072 : [22, -79, 123, -180, 224, -281, 325, -382, 426, -483, 527, -584, 628, -685, 729, -786, 830, -887, 931, -988, 1032, -1089, 1133, -1190, 1234, -1291, 1335, -1392, 1436, -1493, 1537, -1594, 1638, -1695, 1739, -1796, 1840, -1897, 1941, -1998, 2042, -2099, 2143, -2200, -2222, 2244, -2301, 2345, -2402, 2446, -2503, 2547, -2604, 2648, -2705, 2749, -2806, 2850, -2907, 2951, -3008, 3052, -3109, 3153, -3210, 3254, -3311, 3355, -3412, 3456, -3513, 3557, -3614, 3658, -3715, 3759, -3816, 3860, -3917, 3961, -4018, 4062, -4119, 4163, -4220, 4264, -4321, 4365, -4422, 4466, -4523, 4567, -4624, 4668, -4725, 4769, -4826, 4870, -4927, 4971, -5028]
-5071 : [21, -80, 122, -181, 223, -282, 324, -383, 425, -484, 526, -585, 627, -686, 728, -787, 829, -888, 930, -989, 1031, -1090, 1132, -1191, 1233, -1292, 1334, -1393, 1435, -1494, 1536, -1595, 1637, -1696, 1738, -1797, 1839, -1898, 1940, -1999, 2041, -2100, -2121, 2142, -2201, 2243, -2302, 2344, -2403, 2445, -2504, 2546, -2605, 2647, -2706, 2748, -2807, 2849, -2908, 2950, -3009, 3051, -3110, 3152, -3211, 3253, -3312, 3354, -3413, 3455, -3514, 3556, -3615, 3657, -3716, 3758, -3817, 3859, -3918, 3960, -4019, 4061, -4120, 4162, -4221, 4263, -4322, 4364, -4423, 4465, -4524, 4566, -4625, 4667, -4726, 4768, -4827, 4869, -4928, 4970, -5029]
-5070 : [20, -81, 121, -182, 222, -283, 323, -384, 424, -485, 525, -586, 626, -687, 727, -788, 828, -889, 929, -990, 1030, -1091, 1131, -1192, 1232, -1293, 1333, -1394, 1434, -1495, 1535, -1596, 1636, -1697, 1737, -1798, 1838, -1899, 1939, -2000, -2020, 2040, -2101, 2141, -2202, 2242, -2303, 2343, -2404, 2444, -2505, 2545, -2606, 2646, -2707, 2747, -2808, 2848, -2909, 2949, -3010, 3050, -3111, 3151, -3212, 3252, -3313, 3353, -3414, 3454, -3515, 3555, -3616, 3656, -3717, 3757, -3818, 3858, -3919, 3959, -4020, 4060, -4121, 4161, -4222, 4262, -4323, 4363, -4424, 4464, -4525, 4565, -4626, 4666, -4727, 4767, -4828, 4868, -4929, 4969, -5030]
-5069 : [19, -82, 120, -183, 221, -284, 322, -385, 423, -486, 524, -587, 625, -688, 726, -789, 827, -890, 928, -991, 1029, -1092, 1130, -1193, 1231, -1294, 1332, -1395, 1433, -1496, 1534, -1597, 1635, -1698, 1736, -1799, 1837, -1900, -1919, 1938, -2001, 2039, -2102, 2140, -2203, 2241, -2304, 2342, -2405, 2443, -2506, 2544, -2607, 2645, -2708, 2746, -2809, 2847, -2910, 2948, -3011, 3049, -3112, 3150, -3213, 3251, -3314, 3352, -3415, 3453, -3516, 3554, -3617, 3655, -3718, 3756, -3819, 3857, -3920, 3958, -4021, 4059, -4122, 4160, -4223, 4261, -4324, 4362, -4425, 4463, -4526, 4564, -4627, 4665, -4728, 4766, -4829, 4867, -4930, 4968, -5031]
-5068 : [18, -83, 119, -184, 220, -285, 321, -386, 422, -487, 523, -588, 624, -689, 725, -790, 826, -891, 927, -992, 1028, -1093, 1129, -1194, 1230, -1295, 1331, -1396, 1432, -1497, 1533, -1598, 1634, -1699, 1735, -1800, -1818, 1836, -1901, 1937, -2002, 2038, -2103, 2139, -2204, 2240, -2305, 2341, -2406, 2442, -2507, 2543, -2608, 2644, -2709, 2745, -2810, 2846, -2911, 2947, -3012, 3048, -3113, 3149, -3214, 3250, -3315, 3351, -3416, 3452, -3517, 3553, -3618, 3654, -3719, 3755, -3820, 3856, -3921, 3957, -4022, 4058, -4123, 4159, -4224, 4260, -4325, 4361, -4426, 4462, -4527, 4563, -4628, 4664, -4729, 4765, -4830, 4866, -4931, 4967, -5032]
-5067 : [17, -84, 118, -185, 219, -286, 320, -387, 421, -488, 522, -589, 623, -690, 724, -791, 825, -892, 926, -993, 1027, -1094, 1128, -1195, 1229, -1296, 1330, -1397, 1431, -1498, 1532, -1599, 1633, -1700, -1717, 1734, -1801, 1835, -1902, 1936, -2003, 2037, -2104, 2138, -2205, 2239, -2306, 2340, -2407, 2441, -2508, 2542, -2609, 2643, -2710, 2744, -2811, 2845, -2912, 2946, -3013, 3047, -3114, 3148, -3215, 3249, -3316, 3350, -3417, 3451, -3518, 3552, -3619, 3653, -3720, 3754, -3821, 3855, -3922, 3956, -4023, 4057, -4124, 4158, -4225, 4259, -4326, 4360, -4427, 4461, -4528, 4562, -4629, 4663, -4730, 4764, -4831, 4865, -4932, 4966, -5033]
-5066 : [16, -85, 117, -186, 218, -287, 319, -388, 420, -489, 521, -590, 622, -691, 723, -792, 824, -893, 925, -994, 1026, -1095, 1127, -1196, 1228, -1297, 1329, -1398, 1430, -1499, 1531, -1600, -1616, 1632, -1701, 1733, -1802, 1834, -1903, 1935, -2004, 2036, -2105, 2137, -2206, 2238, -2307, 2339, -2408, 2440, -2509, 2541, -2610, 2642, -2711, 2743, -2812, 2844, -2913, 2945, -3014, 3046, -3115, 3147, -3216, 3248, -3317, 3349, -3418, 3450, -3519, 3551, -3620, 3652, -3721, 3753, -3822, 3854, -3923, 3955, -4024, 4056, -4125, 4157, -4226, 4258, -4327, 4359, -4428, 4460, -4529, 4561, -4630, 4662, -4731, 4763, -4832, 4864, -4933, 4965, -5034]
-5065 : [15, -86, 116, -187, 217, -288, 318, -389, 419, -490, 520, -591, 621, -692, 722, -793, 823, -894, 924, -995, 1025, -1096, 1126, -1197, 1227, -1298, 1328, -1399, 1429, -1500, -1515, 1530, -1601, 1631, -1702, 1732, -1803, 1833, -1904, 1934, -2005, 2035, -2106, 2136, -2207, 2237, -2308, 2338, -2409, 2439, -2510, 2540, -2611, 2641, -2712, 2742, -2813, 2843, -2914, 2944, -3015, 3045, -3116, 3146, -3217, 3247, -3318, 3348, -3419, 3449, -3520, 3550, -3621, 3651, -3722, 3752, -3823, 3853, -3924, 3954, -4025, 4055, -4126, 4156, -4227, 4257, -4328, 4358, -4429, 4459, -4530, 4560, -4631, 4661, -4732, 4762, -4833, 4863, -4934, 4964, -5035]
-5064 : [14, -87, 115, -188, 216, -289, 317, -390, 418, -491, 519, -592, 620, -693, 721, -794, 822, -895, 923, -996, 1024, -1097, 1125, -1198, 1226, -1299, 1327, -1400, -1414, 1428, -1501, 1529, -1602, 1630, -1703, 1731, -1804, 1832, -1905, 1933, -2006, 2034, -2107, 2135, -2208, 2236, -2309, 2337, -2410, 2438, -2511, 2539, -2612, 2640, -2713, 2741, -2814, 2842, -2915, 2943, -3016, 3044, -3117, 3145, -3218, 3246, -3319, 3347, -3420, 3448, -3521, 3549, -3622, 3650, -3723, 3751, -3824, 3852, -3925, 3953, -4026, 4054, -4127, 4155, -4228, 4256, -4329, 4357, -4430, 4458, -4531, 4559, -4632, 4660, -4733, 4761, -4834, 4862, -4935, 4963, -5036]
-5063 : [13, -88, 114, -189, 215, -290, 316, -391, 417, -492, 518, -593, 619, -694, 720, -795, 821, -896, 922, -997, 1023, -1098, 1124, -1199, 1225, -1300, -1313, 1326, -1401, 1427, -1502, 1528, -1603, 1629, -1704, 1730, -1805, 1831, -1906, 1932, -2007, 2033, -2108, 2134, -2209, 2235, -2310, 2336, -2411, 2437, -2512, 2538, -2613, 2639, -2714, 2740, -2815, 2841, -2916, 2942, -3017, 3043, -3118, 3144, -3219, 3245, -3320, 3346, -3421, 3447, -3522, 3548, -3623, 3649, -3724, 3750, -3825, 3851, -3926, 3952, -4027, 4053, -4128, 4154, -4229, 4255, -4330, 4356, -4431, 4457, -4532, 4558, -4633, 4659, -4734, 4760, -4835, 4861, -4936, 4962, -5037]
-5062 : [12, -89, 113, -190, 214, -291, 315, -392, 416, -493, 517, -594, 618, -695, 719, -796, 820, -897, 921, -998, 1022, -1099, 1123, -1200, -1212, 1224, -1301, 1325, -1402, 1426, -1503, 1527, -1604, 1628, -1705, 1729, -1806, 1830, -1907, 1931, -2008, 2032, -2109, 2133, -2210, 2234, -2311, 2335, -2412, 2436, -2513, 2537, -2614, 2638, -2715, 2739, -2816, 2840, -2917, 2941, -3018, 3042, -3119, 3143, -3220, 3244, -3321, 3345, -3422, 3446, -3523, 3547, -3624, 3648, -3725, 3749, -3826, 3850, -3927, 3951, -4028, 4052, -4129, 4153, -4230, 4254, -4331, 4355, -4432, 4456, -4533, 4557, -4634, 4658, -4735, 4759, -4836, 4860, -4937, 4961, -5038]
-5061 : [11, -90, 112, -191, 213, -292, 314, -393, 415, -494, 516, -595, 617, -696, 718, -797, 819, -898, 920, -999, 1021, -1100, -1111, 1122, -1201, 1223, -1302, 1324, -1403, 1425, -1504, 1526, -1605, 1627, -1706, 1728, -1807, 1829, -1908, 1930, -2009, 2031, -2110, 2132, -2211, 2233, -2312, 2334, -2413, 2435, -2514, 2536, -2615, 2637, -2716, 2738, -2817, 2839, -2918, 2940, -3019, 3041, -3120, 3142, -3221, 3243, -3322, 3344, -3423, 3445, -3524, 3546, -3625, 3647, -3726, 3748, -3827, 3849, -3928, 3950, -4029, 4051, -4130, 4152, -4231, 4253, -4332, 4354, -4433, 4455, -4534, 4556, -4635, 4657, -4736, 4758, -4837, 4859, -4938, 4960, -5039]
-5060 : [10, -91, 111, -192, 212, -293, 313, -394, 414, -495, 515, -596, 616, -697, 717, -798, 818, -899, 919, -1000, -1010, 1020, -1101, 1121, -1202, 1222, -1303, 1323, -1404, 1424, -1505, 1525, -1606, 1626, -1707, 1727, -1808, 1828, -1909, 1929, -2010, 2030, -2111, 2131, -2212, 2232, -2313, 2333, -2414, 2434, -2515, 2535, -2616, 2636, -2717, 2737, -2818, 2838, -2919, 2939, -3020, 3040, -3121, 3141, -3222, 3242, -3323, 3343, -3424, 3444, -3525, 3545, -3626, 3646, -3727, 3747, -3828, 3848, -3929, 3949, -4030, 4050, -4131, 4151, -4232, 4252, -4333, 4353, -4434, 4454, -4535, 4555, -4636, 4656, -4737, 4757, -4838, 4858, -4939, 4959, -5040]
-5059 : [9, -92, 110, -193, 211, -294, 312, -395, 413, -496, 514, -597, 615, -698, 716, -799, 817, -900, -909, 918, -1001, 1019, -1102, 1120, -1203, 1221, -1304, 1322, -1405, 1423, -1506, 1524, -1607, 1625, -1708, 1726, -1809, 1827, -1910, 1928, -2011, 2029, -2112, 2130, -2213, 2231, -2314, 2332, -2415, 2433, -2516, 2534, -2617, 2635, -2718, 2736, -2819, 2837, -2920, 2938, -3021, 3039, -3122, 3140, -3223, 3241, -3324, 3342, -3425, 3443, -3526, 3544, -3627, 3645, -3728, 3746, -3829, 3847, -3930, 3948, -4031, 4049, -4132, 4150, -4233, 4251, -4334, 4352, -4435, 4453, -4536, 4554, -4637, 4655, -4738, 4756, -4839, 4857, -4940, 4958, -5041]
-5058 : [8, -93, 109, -194, 210, -295, 311, -396, 412, -497, 513, -598, 614, -699, 715, -800, -808, 816, -901, 917, -1002, 1018, -1103, 1119, -1204, 1220, -1305, 1321, -1406, 1422, -1507, 1523, -1608, 1624, -1709, 1725, -1810, 1826, -1911, 1927, -2012, 2028, -2113, 2129, -2214, 2230, -2315, 2331, -2416, 2432, -2517, 2533, -2618, 2634, -2719, 2735, -2820, 2836, -2921, 2937, -3022, 3038, -3123, 3139, -3224, 3240, -3325, 3341, -3426, 3442, -3527, 3543, -3628, 3644, -3729, 3745, -3830, 3846, -3931, 3947, -4032, 4048, -4133, 4149, -4234, 4250, -4335, 4351, -4436, 4452, -4537, 4553, -4638, 4654, -4739, 4755, -4840, 4856, -4941, 4957, -5042]
-5057 : [7, -94, 108, -195, 209, -296, 310, -397, 411, -498, 512, -599, 613, -700, -707, 714, -801, 815, -902, 916, -1003, 1017, -1104, 1118, -1205, 1219, -1306, 1320, -1407, 1421, -1508, 1522, -1609, 1623, -1710, 1724, -1811, 1825, -1912, 1926, -2013, 2027, -2114, 2128, -2215, 2229, -2316, 2330, -2417, 2431, -2518, 2532, -2619, 2633, -2720, 2734, -2821, 2835, -2922, 2936, -3023, 3037, -3124, 3138, -3225, 3239, -3326, 3340, -3427, 3441, -3528, 3542, -3629, 3643, -3730, 3744, -3831, 3845, -3932, 3946, -4033, 4047, -4134, 4148, -4235, 4249, -4336, 4350, -4437, 4451, -4538, 4552, -4639, 4653, -4740, 4754, -4841, 4855, -4942, 4956, -5043]
-5056 : [6, -95, 107, -196, 208, -297, 309, -398, 410, -499, 511, -600, -606, 612, -701, 713, -802, 814, -903, 915, -1004, 1016, -1105, 1117, -1206, 1218, -1307, 1319, -1408, 1420, -1509, 1521, -1610, 1622, -1711, 1723, -1812, 1824, -1913, 1925, -2014, 2026, -2115, 2127, -2216, 2228, -2317, 2329, -2418, 2430, -2519, 2531, -2620, 2632, -2721, 2733, -2822, 2834, -2923, 2935, -3024, 3036, -3125, 3137, -3226, 3238, -3327, 3339, -3428, 3440, -3529, 3541, -3630, 3642, -3731, 3743, -3832, 3844, -3933, 3945, -4034, 4046, -4135, 4147, -4236, 4248, -4337, 4349, -4438, 4450, -4539, 4551, -4640, 4652, -4741, 4753, -4842, 4854, -4943, 4955, -5044]
-5055 : [5, -96, 106, -197, 207, -298, 308, -399, 409, -500, -505, 510, -601, 611, -702, 712, -803, 813, -904, 914, -1005, 1015, -1106, 1116, -1207, 1217, -1308, 1318, -1409, 1419, -1510, 1520, -1611, 1621, -1712, 1722, -1813, 1823, -1914, 1924, -2015, 2025, -2116, 2126, -2217, 2227, -2318, 2328, -2419, 2429, -2520, 2530, -2621, 2631, -2722, 2732, -2823, 2833, -2924, 2934, -3025, 3035, -3126, 3136, -3227, 3237, -3328, 3338, -3429, 3439, -3530, 3540, -3631, 3641, -3732, 3742, -3833, 3843, -3934, 3944, -4035, 4045, -4136, 4146, -4237, 4247, -4338, 4348, -4439, 4449, -4540, 4550, -4641, 4651, -4742, 4752, -4843, 4853, -4944, 4954, -5045]
-5054 : [4, -97, 105, -198, 206, -299, 307, -400, -404, 408, -501, 509, -602, 610, -703, 711, -804, 812, -905, 913, -1006, 1014, -1107, 1115, -1208, 1216, -1309, 1317, -1410, 1418, -1511, 1519, -1612, 1620, -1713, 1721, -1814, 1822, -1915, 1923, -2016, 2024, -2117, 2125, -2218, 2226, -2319, 2327, -2420, 2428, -2521, 2529, -2622, 2630, -2723, 2731, -2824, 2832, -2925, 2933, -3026, 3034, -3127, 3135, -3228, 3236, -3329, 3337, -3430, 3438, -3531, 3539, -3632, 3640, -3733, 3741, -3834, 3842, -3935, 3943, -4036, 4044, -4137, 4145, -4238, 4246, -4339, 4347, -4440, 4448, -4541, 4549, -4642, 4650, -4743, 4751, -4844, 4852, -4945, 4953, -5046]
-5053 : [3, -98, 104, -199, 205, -300, -303, 306, -401, 407, -502, 508, -603, 609, -704, 710, -805, 811, -906, 912, -1007, 1013, -1108, 1114, -1209, 1215, -1310, 1316, -1411, 1417, -1512, 1518, -1613, 1619, -1714, 1720, -1815, 1821, -1916, 1922, -2017, 2023, -2118, 2124, -2219, 2225, -2320, 2326, -2421, 2427, -2522, 2528, -2623, 2629, -2724, 2730, -2825, 2831, -2926, 2932, -3027, 3033, -3128, 3134, -3229, 3235, -3330, 3336, -3431, 3437, -3532, 3538, -3633, 3639, -3734, 3740, -3835, 3841, -3936, 3942, -4037, 4043, -4138, 4144, -4239, 4245, -4340, 4346, -4441, 4447, -4542, 4548, -4643, 4649, -4744, 4750, -4845, 4851, -4946, 4952, -5047]
-5052 : [2, -99, 103, -200, -202, 204, -301, 305, -402, 406, -503, 507, -604, 608, -705, 709, -806, 810, -907, 911, -1008, 1012, -1109, 1113, -1210, 1214, -1311, 1315, -1412, 1416, -1513, 1517, -1614, 1618, -1715, 1719, -1816, 1820, -1917, 1921, -2018, 2022, -2119, 2123, -2220, 2224, -2321, 2325, -2422, 2426, -2523, 2527, -2624, 2628, -2725, 2729, -2826, 2830, -2927, 2931, -3028, 3032, -3129, 3133, -3230, 3234, -3331, 3335, -3432, 3436, -3533, 3537, -3634, 3638, -3735, 3739, -3836, 3840, -3937, 3941, -4038, 4042, -4139, 4143, -4240, 4244, -4341, 4345, -4442, 4446, -4543, 4547, -4644, 4648, -4745, 4749, -4846, 4850, -4947, 4951, -5048]
-5051 : [1, -100, -101, 102, -201, 203, -302, 304, -403, 405, -504, 506, -605, 607, -706, 708, -807, 809, -908, 910, -1009, 1011, -1110, 1112, -1211, 1213, -1312, 1314, -1413, 1415, -1514, 1516, -1615, 1617, -1716, 1718, -1817, 1819, -1918, 1920, -2019, 2021, -2120, 2122, -2221, 2223, -2322, 2324, -2423, 2425, -2524, 2526, -2625, 2627, -2726, 2728, -2827, 2829, -2928, 2930, -3029, 3031, -3130, 3132, -3231, 3233, -3332, 3334, -3433, 3435, -3534, 3536, -3635, 3637, -3736, 3738, -3837, 3839, -3938, 3940, -4039, 4041, -4140, 4142, -4241, 4243, -4342, 4344, -4443, 4445, -4544, 4546, -4645, 4647, -4746, 4748, -4847, 4849, -4948, 4950, -5049]
