Maximum values for m = 10609 and d = 52:
5254 : [-1, 102, 103, -104, 205, -207, 308, -310, 411, -413, 514, -516, 617, -619, 720, -722, 823, -825, 926, -928, 1029, -1031, 1132, -1134, 1235, -1237, 1338, -1340, 1441, -1443, 1544, -1546, 1647, -1649, 1750, -1752, 1853, -1855, 1956, -1958, 2059, -2061, 2162, -2164, 2265, -2267, 2368, -2370, 2471, -2473, 2574, -2576, 2677, -2679, 2780, -2782, 2883, -2885, 2986, -2988, 3089, -3091, 3192, -3194, 3295, -3297, 3398, -3400, 3501, -3503, 3604, -3606, 3707, -3709, 3810, -3812, 3913, -3915, 4016, -4018, 4119, -4121, 4222, -4224, 4325, -4327, 4428, -4430, 4531, -4533, 4634, -4636, 4737, -4739, 4840, -4842, 4943, -4945, 5046, -5048, 5149, -5151, 5252]
5255 : [-2, 101, -105, 204, 206, -208, 307, -311, 410, -414, 513, -517, 616, -620, 719, -723, 822, -826, 925, -929, 1028, -1032, 1131, -1135, 1234, -1238, 1337, -1341, 1440, -1444, 1543, -1547, 1646, -1650, 1749, -1753, 1852, -1856, 1955, -1959, 2058, -2062, 2161, -2165, 2264, -2268, 2367, -2371, 2470, -2474, 2573, -2577, 2676, -2680, 2779, -2783, 2882, -2886, 2985, -2989, 3088, -3092, 3191, -3195, 3294, -3298, 3397, -3401, 3500, -3504, 3603, -3607, 3706, -3710, 3809, -3813, 3912, -3916, 4015, -4019, 4118, -4122, 4221, -4225, 4324, -4328, 4427, -4431, 4530, -4534, 4633, -4637, 4736, -4740, 4839, -4843, 4942, -4946, 5045, -5049, 5148, -5152, 5251]
5256 : [-3, 100, -106, 203, -209, 306, 309, -312, 409, -415, 512, -518, 615, -621, 718, -724, 821, -827, 924, -930, 1027, -1033, 1130, -1136, 1233, -1239, 1336, -1342, 1439, -1445, 1542, -1548, 1645, -1651, 1748, -1754, 1851, -1857, 1954, -1960, 2057, -2063, 2160, -2166, 2263, -2269, 2366, -2372, 2469, -2475, 2572, -2578, 2675, -2681, 2778, -2784, 2881, -2887, 2984, -2990, 3087, -3093, 3190, -3196, 3293, -3299, 3396, -3402, 3499, -3505, 3602, -3608, 3705, -3711, 3808, -3814, 3911, -3917, 4014, -4020, 4117, -4123, 4220, -4226, 4323, -4329, 4426, -4432, 4529, -4535, 4632, -4638, 4735, -4741, 4838, -4844, 4941, -4947, 5044, -5050, 5147, -5153, 5250]
5257 : [-4, 99, -107, 202, -210, 305, -313, 408, 412, -416, 511, -519, 614, -622, 717, -725, 820, -828, 923, -931, 1026, -1034, 1129, -1137, 1232, -1240, 1335, -1343, 1438, -1446, 1541, -1549, 1644, -1652, 1747, -1755, 1850, -1858, 1953, -1961, 2056, -2064, 2159, -2167, 2262, -2270, 2365, -2373, 2468, -2476, 2571, -2579, 2674, -2682, 2777, -2785, 2880, -2888, 2983, -2991, 3086, -3094, 3189, -3197, 3292, -3300, 3395, -3403, 3498, -3506, 3601, -3609, 3704, -3712, 3807, -3815, 3910, -3918, 4013, -4021, 4116, -4124, 4219, -4227, 4322, -4330, 4425, -4433, 4528, -4536, 4631, -4639, 4734, -4742, 4837, -4845, 4940, -4948, 5043, -5051, 5146, -5154, 5249]
5258 : [-5, 98, -108, 201, -211, 304, -314, 407, -417, 510, 515, -520, 613, -623, 716, -726, 819, -829, 922, -932, 1025, -1035, 1128, -1138, 1231, -1241, 1334, -1344, 1437, -1447, 1540, -1550, 1643, -1653, 1746, -1756, 1849, -1859, 1952, -1962, 2055, -2065, 2158, -2168, 2261, -2271, 2364, -2374, 2467, -2477, 2570, -2580, 2673, -2683, 2776, -2786, 2879, -2889, 2982, -2992, 3085, -3095, 3188, -3198, 3291, -3301, 3394, -3404, 3497, -3507, 3600, -3610, 3703, -3713, 3806, -3816, 3909, -3919, 4012, -4022, 4115, -4125, 4218, -4228, 4321, -4331, 4424, -4434, 4527, -4537, 4630, -4640, 4733, -4743, 4836, -4846, 4939, -4949, 5042, -5052, 5145, -5155, 5248]
5259 : [-6, 97, -109, 200, -212, 303, -315, 406, -418, 509, -521, 612, 618, -624, 715, -727, 818, -830, 921, -933, 1024, -1036, 1127, -1139, 1230, -1242, 1333, -1345, 1436, -1448, 1539, -1551, 1642, -1654, 1745, -1757, 1848, -1860, 1951, -1963, 2054, -2066, 2157, -2169, 2260, -2272, 2363, -2375, 2466, -2478, 2569, -2581, 2672, -2684, 2775, -2787, 2878, -2890, 2981, -2993, 3084, -3096, 3187, -3199, 3290, -3302, 3393, -3405, 3496, -3508, 3599, -3611, 3702, -3714, 3805, -3817, 3908, -3920, 4011, -4023, 4114, -4126, 4217, -4229, 4320, -4332, 4423, -4435, 4526, -4538, 4629, -4641, 4732, -4744, 4835, -4847, 4938, -4950, 5041, -5053, 5144, -5156, 5247]
5260 : [-7, 96, -110, 199, -213, 302, -316, 405, -419, 508, -522, 611, -625, 714, 721, -728, 817, -831, 920, -934, 1023, -1037, 1126, -1140, 1229, -1243, 1332, -1346, 1435, -1449, 1538, -1552, 1641, -1655, 1744, -1758, 1847, -1861, 1950, -1964, 2053, -2067, 2156, -2170, 2259, -2273, 2362, -2376, 2465, -2479, 2568, -2582, 2671, -2685, 2774, -2788, 2877, -2891, 2980, -2994, 3083, -3097, 3186, -3200, 3289, -3303, 3392, -3406, 3495, -3509, 3598, -3612, 3701, -3715, 3804, -3818, 3907, -3921, 4010, -4024, 4113, -4127, 4216, -4230, 4319, -4333, 4422, -4436, 4525, -4539, 4628, -4642, 4731, -4745, 4834, -4848, 4937, -4951, 5040, -5054, 5143, -5157, 5246]
5261 : [-8, 95, -111, 198, -214, 301, -317, 404, -420, 507, -523, 610, -626, 713, -729, 816, 824, -832, 919, -935, 1022, -1038, 1125, -1141, 1228, -1244, 1331, -1347, 1434, -1450, 1537, -1553, 1640, -1656, 1743, -1759, 1846, -1862, 1949, -1965, 2052, -2068, 2155, -2171, 2258, -2274, 2361, -2377, 2464, -2480, 2567, -2583, 2670, -2686, 2773, -2789, 2876, -2892, 2979, -2995, 3082, -3098, 3185, -3201, 3288, -3304, 3391, -3407, 3494, -3510, 3597, -3613, 3700, -3716, 3803, -3819, 3906, -3922, 4009, -4025, 4112, -4128, 4215, -4231, 4318, -4334, 4421, -4437, 4524, -4540, 4627, -4643, 4730, -4746, 4833, -4849, 4936, -4952, 5039, -5055, 5142, -5158, 5245]
5262 : [-9, 94, -112, 197, -215, 300, -318, 403, -421, 506, -524, 609, -627, 712, -730, 815, -833, 918, 927, -936, 1021, -1039, 1124, -1142, 1227, -1245, 1330, -1348, 1433, -1451, 1536, -1554, 1639, -1657, 1742, -1760, 1845, -1863, 1948, -1966, 2051, -2069, 2154, -2172, 2257, -2275, 2360, -2378, 2463, -2481, 2566, -2584, 2669, -2687, 2772, -2790, 2875, -2893, 2978, -2996, 3081, -3099, 3184, -3202, 3287, -3305, 3390, -3408, 3493, -3511, 3596, -3614, 3699, -3717, 3802, -3820, 3905, -3923, 4008, -4026, 4111, -4129, 4214, -4232, 4317, -4335, 4420, -4438, 4523, -4541, 4626, -4644, 4729, -4747, 4832, -4850, 4935, -4953, 5038, -5056, 5141, -5159, 5244]
5263 : [-10, 93, -113, 196, -216, 299, -319, 402, -422, 505, -525, 608, -628, 711, -731, 814, -834, 917, -937, 1020, 1030, -1040, 1123, -1143, 1226, -1246, 1329, -1349, 1432, -1452, 1535, -1555, 1638, -1658, 1741, -1761, 1844, -1864, 1947, -1967, 2050, -2070, 2153, -2173, 2256, -2276, 2359, -2379, 2462, -2482, 2565, -2585, 2668, -2688, 2771, -2791, 2874, -2894, 2977, -2997, 3080, -3100, 3183, -3203, 3286, -3306, 3389, -3409, 3492, -3512, 3595, -3615, 3698, -3718, 3801, -3821, 3904, -3924, 4007, -4027, 4110, -4130, 4213, -4233, 4316, -4336, 4419, -4439, 4522, -4542, 4625, -4645, 4728, -4748, 4831, -4851, 4934, -4954, 5037, -5057, 5140, -5160, 5243]
5264 : [-11, 92, -114, 195, -217, 298, -320, 401, -423, 504, -526, 607, -629, 710, -732, 813, -835, 916, -938, 1019, -1041, 1122, 1133, -1144, 1225, -1247, 1328, -1350, 1431, -1453, 1534, -1556, 1637, -1659, 1740, -1762, 1843, -1865, 1946, -1968, 2049, -2071, 2152, -2174, 2255, -2277, 2358, -2380, 2461, -2483, 2564, -2586, 2667, -2689, 2770, -2792, 2873, -2895, 2976, -2998, 3079, -3101, 3182, -3204, 3285, -3307, 3388, -3410, 3491, -3513, 3594, -3616, 3697, -3719, 3800, -3822, 3903, -3925, 4006, -4028, 4109, -4131, 4212, -4234, 4315, -4337, 4418, -4440, 4521, -4543, 4624, -4646, 4727, -4749, 4830, -4852, 4933, -4955, 5036, -5058, 5139, -5161, 5242]
5265 : [-12, 91, -115, 194, -218, 297, -321, 400, -424, 503, -527, 606, -630, 709, -733, 812, -836, 915, -939, 1018, -1042, 1121, -1145, 1224, 1236, -1248, 1327, -1351, 1430, -1454, 1533, -1557, 1636, -1660, 1739, -1763, 1842, -1866, 1945, -1969, 2048, -2072, 2151, -2175, 2254, -2278, 2357, -2381, 2460, -2484, 2563, -2587, 2666, -2690, 2769, -2793, 2872, -2896, 2975, -2999, 3078, -3102, 3181, -3205, 3284, -3308, 3387, -3411, 3490, -3514, 3593, -3617, 3696, -3720, 3799, -3823, 3902, -3926, 4005, -4029, 4108, -4132, 4211, -4235, 4314, -4338, 4417, -4441, 4520, -4544, 4623, -4647, 4726, -4750, 4829, -4853, 4932, -4956, 5035, -5059, 5138, -5162, 5241]
5266 : [-13, 90, -116, 193, -219, 296, -322, 399, -425, 502, -528, 605, -631, 708, -734, 811, -837, 914, -940, 1017, -1043, 1120, -1146, 1223, -1249, 1326, 1339, -1352, 1429, -1455, 1532, -1558, 1635, -1661, 1738, -1764, 1841, -1867, 1944, -1970, 2047, -2073, 2150, -2176, 2253, -2279, 2356, -2382, 2459, -2485, 2562, -2588, 2665, -2691, 2768, -2794, 2871, -2897, 2974, -3000, 3077, -3103, 3180, -3206, 3283, -3309, 3386, -3412, 3489, -3515, 3592, -3618, 3695, -3721, 3798, -3824, 3901, -3927, 4004, -4030, 4107, -4133, 4210, -4236, 4313, -4339, 4416, -4442, 4519, -4545, 4622, -4648, 4725, -4751, 4828, -4854, 4931, -4957, 5034, -5060, 5137, -5163, 5240]
5267 : [-14, 89, -117, 192, -220, 295, -323, 398, -426, 501, -529, 604, -632, 707, -735, 810, -838, 913, -941, 1016, -1044, 1119, -1147, 1222, -1250, 1325, -1353, 1428, 1442, -1456, 1531, -1559, 1634, -1662, 1737, -1765, 1840, -1868, 1943, -1971, 2046, -2074, 2149, -2177, 2252, -2280, 2355, -2383, 2458, -2486, 2561, -2589, 2664, -2692, 2767, -2795, 2870, -2898, 2973, -3001, 3076, -3104, 3179, -3207, 3282, -3310, 3385, -3413, 3488, -3516, 3591, -3619, 3694, -3722, 3797, -3825, 3900, -3928, 4003, -4031, 4106, -4134, 4209, -4237, 4312, -4340, 4415, -4443, 4518, -4546, 4621, -4649, 4724, -4752, 4827, -4855, 4930, -4958, 5033, -5061, 5136, -5164, 5239]
5268 : [-15, 88, -118, 191, -221, 294, -324, 397, -427, 500, -530, 603, -633, 706, -736, 809, -839, 912, -942, 1015, -1045, 1118, -1148, 1221, -1251, 1324, -1354, 1427, -1457, 1530, 1545, -1560, 1633, -1663, 1736, -1766, 1839, -1869, 1942, -1972, 2045, -2075, 2148, -2178, 2251, -2281, 2354, -2384, 2457, -2487, 2560, -2590, 2663, -2693, 2766, -2796, 2869, -2899, 2972, -3002, 3075, -3105, 3178, -3208, 3281, -3311, 3384, -3414, 3487, -3517, 3590, -3620, 3693, -3723, 3796, -3826, 3899, -3929, 4002, -4032, 4105, -4135, 4208, -4238, 4311, -4341, 4414, -4444, 4517, -4547, 4620, -4650, 4723, -4753, 4826, -4856, 4929, -4959, 5032, -5062, 5135, -5165, 5238]
5269 : [-16, 87, -119, 190, -222, 293, -325, 396, -428, 499, -531, 602, -634, 705, -737, 808, -840, 911, -943, 1014, -1046, 1117, -1149, 1220, -1252, 1323, -1355, 1426, -1458, 1529, -1561, 1632, 1648, -1664, 1735, -1767, 1838, -1870, 1941, -1973, 2044, -2076, 2147, -2179, 2250, -2282, 2353, -2385, 2456, -2488, 2559, -2591, 2662, -2694, 2765, -2797, 2868, -2900, 2971, -3003, 3074, -3106, 3177, -3209, 3280, -3312, 3383, -3415, 3486, -3518, 3589, -3621, 3692, -3724, 3795, -3827, 3898, -3930, 4001, -4033, 4104, -4136, 4207, -4239, 4310, -4342, 4413, -4445, 4516, -4548, 4619, -4651, 4722, -4754, 4825, -4857, 4928, -4960, 5031, -5063, 5134, -5166, 5237]
5270 : [-17, 86, -120, 189, -223, 292, -326, 395, -429, 498, -532, 601, -635, 704, -738, 807, -841, 910, -944, 1013, -1047, 1116, -1150, 1219, -1253, 1322, -1356, 1425, -1459, 1528, -1562, 1631, -1665, 1734, 1751, -1768, 1837, -1871, 1940, -1974, 2043, -2077, 2146, -2180, 2249, -2283, 2352, -2386, 2455, -2489, 2558, -2592, 2661, -2695, 2764, -2798, 2867, -2901, 2970, -3004, 3073, -3107, 3176, -3210, 3279, -3313, 3382, -3416, 3485, -3519, 3588, -3622, 3691, -3725, 3794, -3828, 3897, -3931, 4000, -4034, 4103, -4137, 4206, -4240, 4309, -4343, 4412, -4446, 4515, -4549, 4618, -4652, 4721, -4755, 4824, -4858, 4927, -4961, 5030, -5064, 5133, -5167, 5236]
5271 : [-18, 85, -121, 188, -224, 291, -327, 394, -430, 497, -533, 600, -636, 703, -739, 806, -842, 909, -945, 1012, -1048, 1115, -1151, 1218, -1254, 1321, -1357, 1424, -1460, 1527, -1563, 1630, -1666, 1733, -1769, 1836, 1854, -1872, 1939, -1975, 2042, -2078, 2145, -2181, 2248, -2284, 2351, -2387, 2454, -2490, 2557, -2593, 2660, -2696, 2763, -2799, 2866, -2902, 2969, -3005, 3072, -3108, 3175, -3211, 3278, -3314, 3381, -3417, 3484, -3520, 3587, -3623, 3690, -3726, 3793, -3829, 3896, -3932, 3999, -4035, 4102, -4138, 4205, -4241, 4308, -4344, 4411, -4447, 4514, -4550, 4617, -4653, 4720, -4756, 4823, -4859, 4926, -4962, 5029, -5065, 5132, -5168, 5235]
5272 : [-19, 84, -122, 187, -225, 290, -328, 393, -431, 496, -534, 599, -637, 702, -740, 805, -843, 908, -946, 1011, -1049, 1114, -1152, 1217, -1255, 1320, -1358, 1423, -1461, 1526, -1564, 1629, -1667, 1732, -1770, 1835, -1873, 1938, 1957, -1976, 2041, -2079, 2144, -2182, 2247, -2285, 2350, -2388, 2453, -2491, 2556, -2594, 2659, -2697, 2762, -2800, 2865, -2903, 2968, -3006, 3071, -3109, 3174, -3212, 3277, -3315, 3380, -3418, 3483, -3521, 3586, -3624, 3689, -3727, 3792, -3830, 3895, -3933, 3998, -4036, 4101, -4139, 4204, -4242, 4307, -4345, 4410, -4448, 4513, -4551, 4616, -4654, 4719, -4757, 4822, -4860, 4925, -4963, 5028, -5066, 5131, -5169, 5234]
5273 : [-20, 83, -123, 186, -226, 289, -329, 392, -432, 495, -535, 598, -638, 701, -741, 804, -844, 907, -947, 1010, -1050, 1113, -1153, 1216, -1256, 1319, -1359, 1422, -1462, 1525, -1565, 1628, -1668, 1731, -1771, 1834, -1874, 1937, -1977, 2040, 2060, -2080, 2143, -2183, 2246, -2286, 2349, -2389, 2452, -2492, 2555, -2595, 2658, -2698, 2761, -2801, 2864, -2904, 2967, -3007, 3070, -3110, 3173, -3213, 3276, -3316, 3379, -3419, 3482, -3522, 3585, -3625, 3688, -3728, 3791, -3831, 3894, -3934, 3997, -4037, 4100, -4140, 4203, -4243, 4306, -4346, 4409, -4449, 4512, -4552, 4615, -4655, 4718, -4758, 4821, -4861, 4924, -4964, 5027, -5067, 5130, -5170, 5233]
5274 : [-21, 82, -124, 185, -227, 288, -330, 391, -433, 494, -536, 597, -639, 700, -742, 803, -845, 906, -948, 1009, -1051, 1112, -1154, 1215, -1257, 1318, -1360, 1421, -1463, 1524, -1566, 1627, -1669, 1730, -1772, 1833, -1875, 1936, -1978, 2039, -2081, 2142, 2163, -2184, 2245, -2287, 2348, -2390, 2451, -2493, 2554, -2596, 2657, -2699, 2760, -2802, 2863, -2905, 2966, -3008, 3069, -3111, 3172, -3214, 3275, -3317, 3378, -3420, 3481, -3523, 3584, -3626, 3687, -3729, 3790, -3832, 3893, -3935, 3996, -4038, 4099, -4141, 4202, -4244, 4305, -4347, 4408, -4450, 4511, -4553, 4614, -4656, 4717, -4759, 4820, -4862, 4923, -4965, 5026, -5068, 5129, -5171, 5232]
5275 : [-22, 81, -125, 184, -228, 287, -331, 390, -434, 493, -537, 596, -640, 699, -743, 802, -846, 905, -949, 1008, -1052, 1111, -1155, 1214, -1258, 1317, -1361, 1420, -1464, 1523, -1567, 1626, -1670, 1729, -1773, 1832, -1876, 1935, -1979, 2038, -2082, 2141, -2185, 2244, 2266, -2288, 2347, -2391, 2450, -2494, 2553, -2597, 2656, -2700, 2759, -2803, 2862, -2906, 2965, -3009, 3068, -3112, 3171, -3215, 3274, -3318, 3377, -3421, 3480, -3524, 3583, -3627, 3686, -3730, 3789, -3833, 3892, -3936, 3995, -4039, 4098, -4142, 4201, -4245, 4304, -4348, 4407, -4451, 4510, -4554, 4613, -4657, 4716, -4760, 4819, -4863, 4922, -4966, 5025, -5069, 5128, -5172, 5231]
5276 : [-23, 80, -126, 183, -229, 286, -332, 389, -435, 492, -538, 595, -641, 698, -744, 801, -847, 904, -950, 1007, -1053, 1110, -1156, 1213, -1259, 1316, -1362, 1419, -1465, 1522, -1568, 1625, -1671, 1728, -1774, 1831, -1877, 1934, -1980, 2037, -2083, 2140, -2186, 2243, -2289, 2346, 2369, -2392, 2449, -2495, 2552, -2598, 2655, -2701, 2758, -2804, 2861, -2907, 2964, -3010, 3067, -3113, 3170, -3216, 3273, -3319, 3376, -3422, 3479, -3525, 3582, -3628, 3685, -3731, 3788, -3834, 3891, -3937, 3994, -4040, 4097, -4143, 4200, -4246, 4303, -4349, 4406, -4452, 4509, -4555, 4612, -4658, 4715, -4761, 4818, -4864, 4921, -4967, 5024, -5070, 5127, -5173, 5230]
5277 : [-24, 79, -127, 182, -230, 285, -333, 388, -436, 491, -539, 594, -642, 697, -745, 800, -848, 903, -951, 1006, -1054, 1109, -1157, 1212, -1260, 1315, -1363, 1418, -1466, 1521, -1569, 1624, -1672, 1727, -1775, 1830, -1878, 1933, -1981, 2036, -2084, 2139, -2187, 2242, -2290, 2345, -2393, 2448, 2472, -2496, 2551, -2599, 2654, -2702, 2757, -2805, 2860, -2908, 2963, -3011, 3066, -3114, 3169, -3217, 3272, -3320, 3375, -3423, 3478, -3526, 3581, -3629, 3684, -3732, 3787, -3835, 3890, -3938, 3993, -4041, 4096, -4144, 4199, -4247, 4302, -4350, 4405, -4453, 4508, -4556, 4611, -4659, 4714, -4762, 4817, -4865, 4920, -4968, 5023, -5071, 5126, -5174, 5229]
5278 : [-25, 78, -128, 181, -231, 284, -334, 387, -437, 490, -540, 593, -643, 696, -746, 799, -849, 902, -952, 1005, -1055, 1108, -1158, 1211, -1261, 1314, -1364, 1417, -1467, 1520, -1570, 1623, -1673, 1726, -1776, 1829, -1879, 1932, -1982, 2035, -2085, 2138, -2188, 2241, -2291, 2344, -2394, 2447, -2497, 2550, 2575, -2600, 2653, -2703, 2756, -2806, 2859, -2909, 2962, -3012, 3065, -3115, 3168, -3218, 3271, -3321, 3374, -3424, 3477, -3527, 3580, -3630, 3683, -3733, 3786, -3836, 3889, -3939, 3992, -4042, 4095, -4145, 4198, -4248, 4301, -4351, 4404, -4454, 4507, -4557, 4610, -4660, 4713, -4763, 4816, -4866, 4919, -4969, 5022, -5072, 5125, -5175, 5228]
5279 : [-26, 77, -129, 180, -232, 283, -335, 386, -438, 489, -541, 592, -644, 695, -747, 798, -850, 901, -953, 1004, -1056, 1107, -1159, 1210, -1262, 1313, -1365, 1416, -1468, 1519, -1571, 1622, -1674, 1725, -1777, 1828, -1880, 1931, -1983, 2034, -2086, 2137, -2189, 2240, -2292, 2343, -2395, 2446, -2498, 2549, -2601, 2652, 2678, -2704, 2755, -2807, 2858, -2910, 2961, -3013, 3064, -3116, 3167, -3219, 3270, -3322, 3373, -3425, 3476, -3528, 3579, -3631, 3682, -3734, 3785, -3837, 3888, -3940, 3991, -4043, 4094, -4146, 4197, -4249, 4300, -4352, 4403, -4455, 4506, -4558, 4609, -4661, 4712, -4764, 4815, -4867, 4918, -4970, 5021, -5073, 5124, -5176, 5227]
5280 : [-27, 76, -130, 179, -233, 282, -336, 385, -439, 488, -542, 591, -645, 694, -748, 797, -851, 900, -954, 1003, -1057, 1106, -1160, 1209, -1263, 1312, -1366, 1415, -1469, 1518, -1572, 1621, -1675, 1724, -1778, 1827, -1881, 1930, -1984, 2033, -2087, 2136, -2190, 2239, -2293, 2342, -2396, 2445, -2499, 2548, -2602, 2651, -2705, 2754, 2781, -2808, 2857, -2911, 2960, -3014, 3063, -3117, 3166, -3220, 3269, -3323, 3372, -3426, 3475, -3529, 3578, -3632, 3681, -3735, 3784, -3838, 3887, -3941, 3990, -4044, 4093, -4147, 4196, -4250, 4299, -4353, 4402, -4456, 4505, -4559, 4608, -4662, 4711, -4765, 4814, -4868, 4917, -4971, 5020, -5074, 5123, -5177, 5226]
5281 : [-28, 75, -131, 178, -234, 281, -337, 384, -440, 487, -543, 590, -646, 693, -749, 796, -852, 899, -955, 1002, -1058, 1105, -1161, 1208, -1264, 1311, -1367, 1414, -1470, 1517, -1573, 1620, -1676, 1723, -1779, 1826, -1882, 1929, -1985, 2032, -2088, 2135, -2191, 2238, -2294, 2341, -2397, 2444, -2500, 2547, -2603, 2650, -2706, 2753, -2809, 2856, 2884, -2912, 2959, -3015, 3062, -3118, 3165, -3221, 3268, -3324, 3371, -3427, 3474, -3530, 3577, -3633, 3680, -3736, 3783, -3839, 3886, -3942, 3989, -4045, 4092, -4148, 4195, -4251, 4298, -4354, 4401, -4457, 4504, -4560, 4607, -4663, 4710, -4766, 4813, -4869, 4916, -4972, 5019, -5075, 5122, -5178, 5225]
5282 : [-29, 74, -132, 177, -235, 280, -338, 383, -441, 486, -544, 589, -647, 692, -750, 795, -853, 898, -956, 1001, -1059, 1104, -1162, 1207, -1265, 1310, -1368, 1413, -1471, 1516, -1574, 1619, -1677, 1722, -1780, 1825, -1883, 1928, -1986, 2031, -2089, 2134, -2192, 2237, -2295, 2340, -2398, 2443, -2501, 2546, -2604, 2649, -2707, 2752, -2810, 2855, -2913, 2958, 2987, -3016, 3061, -3119, 3164, -3222, 3267, -3325, 3370, -3428, 3473, -3531, 3576, -3634, 3679, -3737, 3782, -3840, 3885, -3943, 3988, -4046, 4091, -4149, 4194, -4252, 4297, -4355, 4400, -4458, 4503, -4561, 4606, -4664, 4709, -4767, 4812, -4870, 4915, -4973, 5018, -5076, 5121, -5179, 5224]
5283 : [-30, 73, -133, 176, -236, 279, -339, 382, -442, 485, -545, 588, -648, 691, -751, 794, -854, 897, -957, 1000, -1060, 1103, -1163, 1206, -1266, 1309, -1369, 1412, -1472, 1515, -1575, 1618, -1678, 1721, -1781, 1824, -1884, 1927, -1987, 2030, -2090, 2133, -2193, 2236, -2296, 2339, -2399, 2442, -2502, 2545, -2605, 2648, -2708, 2751, -2811, 2854, -2914, 2957, -3017, 3060, 3090, -3120, 3163, -3223, 3266, -3326, 3369, -3429, 3472, -3532, 3575, -3635, 3678, -3738, 3781, -3841, 3884, -3944, 3987, -4047, 4090, -4150, 4193, -4253, 4296, -4356, 4399, -4459, 4502, -4562, 4605, -4665, 4708, -4768, 4811, -4871, 4914, -4974, 5017, -5077, 5120, -5180, 5223]
5284 : [-31, 72, -134, 175, -237, 278, -340, 381, -443, 484, -546, 587, -649, 690, -752, 793, -855, 896, -958, 999, -1061, 1102, -1164, 1205, -1267, 1308, -1370, 1411, -1473, 1514, -1576, 1617, -1679, 1720, -1782, 1823, -1885, 1926, -1988, 2029, -2091, 2132, -2194, 2235, -2297, 2338, -2400, 2441, -2503, 2544, -2606, 2647, -2709, 2750, -2812, 2853, -2915, 2956, -3018, 3059, -3121, 3162, 3193, -3224, 3265, -3327, 3368, -3430, 3471, -3533, 3574, -3636, 3677, -3739, 3780, -3842, 3883, -3945, 3986, -4048, 4089, -4151, 4192, -4254, 4295, -4357, 4398, -4460, 4501, -4563, 4604, -4666, 4707, -4769, 4810, -4872, 4913, -4975, 5016, -5078, 5119, -5181, 5222]
5285 : [-32, 71, -135, 174, -238, 277, -341, 380, -444, 483, -547, 586, -650, 689, -753, 792, -856, 895, -959, 998, -1062, 1101, -1165, 1204, -1268, 1307, -1371, 1410, -1474, 1513, -1577, 1616, -1680, 1719, -1783, 1822, -1886, 1925, -1989, 2028, -2092, 2131, -2195, 2234, -2298, 2337, -2401, 2440, -2504, 2543, -2607, 2646, -2710, 2749, -2813, 2852, -2916, 2955, -3019, 3058, -3122, 3161, -3225, 3264, 3296, -3328, 3367, -3431, 3470, -3534, 3573, -3637, 3676, -3740, 3779, -3843, 3882, -3946, 3985, -4049, 4088, -4152, 4191, -4255, 4294, -4358, 4397, -4461, 4500, -4564, 4603, -4667, 4706, -4770, 4809, -4873, 4912, -4976, 5015, -5079, 5118, -5182, 5221]
5286 : [-33, 70, -136, 173, -239, 276, -342, 379, -445, 482, -548, 585, -651, 688, -754, 791, -857, 894, -960, 997, -1063, 1100, -1166, 1203, -1269, 1306, -1372, 1409, -1475, 1512, -1578, 1615, -1681, 1718, -1784, 1821, -1887, 1924, -1990, 2027, -2093, 2130, -2196, 2233, -2299, 2336, -2402, 2439, -2505, 2542, -2608, 2645, -2711, 2748, -2814, 2851, -2917, 2954, -3020, 3057, -3123, 3160, -3226, 3263, -3329, 3366, 3399, -3432, 3469, -3535, 3572, -3638, 3675, -3741, 3778, -3844, 3881, -3947, 3984, -4050, 4087, -4153, 4190, -4256, 4293, -4359, 4396, -4462, 4499, -4565, 4602, -4668, 4705, -4771, 4808, -4874, 4911, -4977, 5014, -5080, 5117, -5183, 5220]
5287 : [-34, 69, -137, 172, -240, 275, -343, 378, -446, 481, -549, 584, -652, 687, -755, 790, -858, 893, -961, 996, -1064, 1099, -1167, 1202, -1270, 1305, -1373, 1408, -1476, 1511, -1579, 1614, -1682, 1717, -1785, 1820, -1888, 1923, -1991, 2026, -2094, 2129, -2197, 2232, -2300, 2335, -2403, 2438, -2506, 2541, -2609, 2644, -2712, 2747, -2815, 2850, -2918, 2953, -3021, 3056, -3124, 3159, -3227, 3262, -3330, 3365, -3433, 3468, 3502, -3536, 3571, -3639, 3674, -3742, 3777, -3845, 3880, -3948, 3983, -4051, 4086, -4154, 4189, -4257, 4292, -4360, 4395, -4463, 4498, -4566, 4601, -4669, 4704, -4772, 4807, -4875, 4910, -4978, 5013, -5081, 5116, -5184, 5219]
5288 : [-35, 68, -138, 171, -241, 274, -344, 377, -447, 480, -550, 583, -653, 686, -756, 789, -859, 892, -962, 995, -1065, 1098, -1168, 1201, -1271, 1304, -1374, 1407, -1477, 1510, -1580, 1613, -1683, 1716, -1786, 1819, -1889, 1922, -1992, 2025, -2095, 2128, -2198, 2231, -2301, 2334, -2404, 2437, -2507, 2540, -2610, 2643, -2713, 2746, -2816, 2849, -2919, 2952, -3022, 3055, -3125, 3158, -3228, 3261, -3331, 3364, -3434, 3467, -3537, 3570, 3605, -3640, 3673, -3743, 3776, -3846, 3879, -3949, 3982, -4052, 4085, -4155, 4188, -4258, 4291, -4361, 4394, -4464, 4497, -4567, 4600, -4670, 4703, -4773, 4806, -4876, 4909, -4979, 5012, -5082, 5115, -5185, 5218]
5289 : [-36, 67, -139, 170, -242, 273, -345, 376, -448, 479, -551, 582, -654, 685, -757, 788, -860, 891, -963, 994, -1066, 1097, -1169, 1200, -1272, 1303, -1375, 1406, -1478, 1509, -1581, 1612, -1684, 1715, -1787, 1818, -1890, 1921, -1993, 2024, -2096, 2127, -2199, 2230, -2302, 2333, -2405, 2436, -2508, 2539, -2611, 2642, -2714, 2745, -2817, 2848, -2920, 2951, -3023, 3054, -3126, 3157, -3229, 3260, -3332, 3363, -3435, 3466, -3538, 3569, -3641, 3672, 3708, -3744, 3775, -3847, 3878, -3950, 3981, -4053, 4084, -4156, 4187, -4259, 4290, -4362, 4393, -4465, 4496, -4568, 4599, -4671, 4702, -4774, 4805, -4877, 4908, -4980, 5011, -5083, 5114, -5186, 5217]
5290 : [-37, 66, -140, 169, -243, 272, -346, 375, -449, 478, -552, 581, -655, 684, -758, 787, -861, 890, -964, 993, -1067, 1096, -1170, 1199, -1273, 1302, -1376, 1405, -1479, 1508, -1582, 1611, -1685, 1714, -1788, 1817, -1891, 1920, -1994, 2023, -2097, 2126, -2200, 2229, -2303, 2332, -2406, 2435, -2509, 2538, -2612, 2641, -2715, 2744, -2818, 2847, -2921, 2950, -3024, 3053, -3127, 3156, -3230, 3259, -3333, 3362, -3436, 3465, -3539, 3568, -3642, 3671, -3745, 3774, 3811, -3848, 3877, -3951, 3980, -4054, 4083, -4157, 4186, -4260, 4289, -4363, 4392, -4466, 4495, -4569, 4598, -4672, 4701, -4775, 4804, -4878, 4907, -4981, 5010, -5084, 5113, -5187, 5216]
5291 : [-38, 65, -141, 168, -244, 271, -347, 374, -450, 477, -553, 580, -656, 683, -759, 786, -862, 889, -965, 992, -1068, 1095, -1171, 1198, -1274, 1301, -1377, 1404, -1480, 1507, -1583, 1610, -1686, 1713, -1789, 1816, -1892, 1919, -1995, 2022, -2098, 2125, -2201, 2228, -2304, 2331, -2407, 2434, -2510, 2537, -2613, 2640, -2716, 2743, -2819, 2846, -2922, 2949, -3025, 3052, -3128, 3155, -3231, 3258, -3334, 3361, -3437, 3464, -3540, 3567, -3643, 3670, -3746, 3773, -3849, 3876, 3914, -3952, 3979, -4055, 4082, -4158, 4185, -4261, 4288, -4364, 4391, -4467, 4494, -4570, 4597, -4673, 4700, -4776, 4803, -4879, 4906, -4982, 5009, -5085, 5112, -5188, 5215]
5292 : [-39, 64, -142, 167, -245, 270, -348, 373, -451, 476, -554, 579, -657, 682, -760, 785, -863, 888, -966, 991, -1069, 1094, -1172, 1197, -1275, 1300, -1378, 1403, -1481, 1506, -1584, 1609, -1687, 1712, -1790, 1815, -1893, 1918, -1996, 2021, -2099, 2124, -2202, 2227, -2305, 2330, -2408, 2433, -2511, 2536, -2614, 2639, -2717, 2742, -2820, 2845, -2923, 2948, -3026, 3051, -3129, 3154, -3232, 3257, -3335, 3360, -3438, 3463, -3541, 3566, -3644, 3669, -3747, 3772, -3850, 3875, -3953, 3978, 4017, -4056, 4081, -4159, 4184, -4262, 4287, -4365, 4390, -4468, 4493, -4571, 4596, -4674, 4699, -4777, 4802, -4880, 4905, -4983, 5008, -5086, 5111, -5189, 5214]
5293 : [-40, 63, -143, 166, -246, 269, -349, 372, -452, 475, -555, 578, -658, 681, -761, 784, -864, 887, -967, 990, -1070, 1093, -1173, 1196, -1276, 1299, -1379, 1402, -1482, 1505, -1585, 1608, -1688, 1711, -1791, 1814, -1894, 1917, -1997, 2020, -2100, 2123, -2203, 2226, -2306, 2329, -2409, 2432, -2512, 2535, -2615, 2638, -2718, 2741, -2821, 2844, -2924, 2947, -3027, 3050, -3130, 3153, -3233, 3256, -3336, 3359, -3439, 3462, -3542, 3565, -3645, 3668, -3748, 3771, -3851, 3874, -3954, 3977, -4057, 4080, 4120, -4160, 4183, -4263, 4286, -4366, 4389, -4469, 4492, -4572, 4595, -4675, 4698, -4778, 4801, -4881, 4904, -4984, 5007, -5087, 5110, -5190, 5213]
5294 : [-41, 62, -144, 165, -247, 268, -350, 371, -453, 474, -556, 577, -659, 680, -762, 783, -865, 886, -968, 989, -1071, 1092, -1174, 1195, -1277, 1298, -1380, 1401, -1483, 1504, -1586, 1607, -1689, 1710, -1792, 1813, -1895, 1916, -1998, 2019, -2101, 2122, -2204, 2225, -2307, 2328, -2410, 2431, -2513, 2534, -2616, 2637, -2719, 2740, -2822, 2843, -2925, 2946, -3028, 3049, -3131, 3152, -3234, 3255, -3337, 3358, -3440, 3461, -3543, 3564, -3646, 3667, -3749, 3770, -3852, 3873, -3955, 3976, -4058, 4079, -4161, 4182, 4223, -4264, 4285, -4367, 4388, -4470, 4491, -4573, 4594, -4676, 4697, -4779, 4800, -4882, 4903, -4985, 5006, -5088, 5109, -5191, 5212]
5295 : [-42, 61, -145, 164, -248, 267, -351, 370, -454, 473, -557, 576, -660, 679, -763, 782, -866, 885, -969, 988, -1072, 1091, -1175, 1194, -1278, 1297, -1381, 1400, -1484, 1503, -1587, 1606, -1690, 1709, -1793, 1812, -1896, 1915, -1999, 2018, -2102, 2121, -2205, 2224, -2308, 2327, -2411, 2430, -2514, 2533, -2617, 2636, -2720, 2739, -2823, 2842, -2926, 2945, -3029, 3048, -3132, 3151, -3235, 3254, -3338, 3357, -3441, 3460, -3544, 3563, -3647, 3666, -3750, 3769, -3853, 3872, -3956, 3975, -4059, 4078, -4162, 4181, -4265, 4284, 4326, -4368, 4387, -4471, 4490, -4574, 4593, -4677, 4696, -4780, 4799, -4883, 4902, -4986, 5005, -5089, 5108, -5192, 5211]
5296 : [-43, 60, -146, 163, -249, 266, -352, 369, -455, 472, -558, 575, -661, 678, -764, 781, -867, 884, -970, 987, -1073, 1090, -1176, 1193, -1279, 1296, -1382, 1399, -1485, 1502, -1588, 1605, -1691, 1708, -1794, 1811, -1897, 1914, -2000, 2017, -2103, 2120, -2206, 2223, -2309, 2326, -2412, 2429, -2515, 2532, -2618, 2635, -2721, 2738, -2824, 2841, -2927, 2944, -3030, 3047, -3133, 3150, -3236, 3253, -3339, 3356, -3442, 3459, -3545, 3562, -3648, 3665, -3751, 3768, -3854, 3871, -3957, 3974, -4060, 4077, -4163, 4180, -4266, 4283, -4369, 4386, 4429, -4472, 4489, -4575, 4592, -4678, 4695, -4781, 4798, -4884, 4901, -4987, 5004, -5090, 5107, -5193, 5210]
5297 : [-44, 59, -147, 162, -250, 265, -353, 368, -456, 471, -559, 574, -662, 677, -765, 780, -868, 883, -971, 986, -1074, 1089, -1177, 1192, -1280, 1295, -1383, 1398, -1486, 1501, -1589, 1604, -1692, 1707, -1795, 1810, -1898, 1913, -2001, 2016, -2104, 2119, -2207, 2222, -2310, 2325, -2413, 2428, -2516, 2531, -2619, 2634, -2722, 2737, -2825, 2840, -2928, 2943, -3031, 3046, -3134, 3149, -3237, 3252, -3340, 3355, -3443, 3458, -3546, 3561, -3649, 3664, -3752, 3767, -3855, 3870, -3958, 3973, -4061, 4076, -4164, 4179, -4267, 4282, -4370, 4385, -4473, 4488, 4532, -4576, 4591, -4679, 4694, -4782, 4797, -4885, 4900, -4988, 5003, -5091, 5106, -5194, 5209]
5298 : [-45, 58, -148, 161, -251, 264, -354, 367, -457, 470, -560, 573, -663, 676, -766, 779, -869, 882, -972, 985, -1075, 1088, -1178, 1191, -1281, 1294, -1384, 1397, -1487, 1500, -1590, 1603, -1693, 1706, -1796, 1809, -1899, 1912, -2002, 2015, -2105, 2118, -2208, 2221, -2311, 2324, -2414, 2427, -2517, 2530, -2620, 2633, -2723, 2736, -2826, 2839, -2929, 2942, -3032, 3045, -3135, 3148, -3238, 3251, -3341, 3354, -3444, 3457, -3547, 3560, -3650, 3663, -3753, 3766, -3856, 3869, -3959, 3972, -4062, 4075, -4165, 4178, -4268, 4281, -4371, 4384, -4474, 4487, -4577, 4590, 4635, -4680, 4693, -4783, 4796, -4886, 4899, -4989, 5002, -5092, 5105, -5195, 5208]
5299 : [-46, 57, -149, 160, -252, 263, -355, 366, -458, 469, -561, 572, -664, 675, -767, 778, -870, 881, -973, 984, -1076, 1087, -1179, 1190, -1282, 1293, -1385, 1396, -1488, 1499, -1591, 1602, -1694, 1705, -1797, 1808, -1900, 1911, -2003, 2014, -2106, 2117, -2209, 2220, -2312, 2323, -2415, 2426, -2518, 2529, -2621, 2632, -2724, 2735, -2827, 2838, -2930, 2941, -3033, 3044, -3136, 3147, -3239, 3250, -3342, 3353, -3445, 3456, -3548, 3559, -3651, 3662, -3754, 3765, -3857, 3868, -3960, 3971, -4063, 4074, -4166, 4177, -4269, 4280, -4372, 4383, -4475, 4486, -4578, 4589, -4681, 4692, 4738, -4784, 4795, -4887, 4898, -4990, 5001, -5093, 5104, -5196, 5207]
5300 : [-47, 56, -150, 159, -253, 262, -356, 365, -459, 468, -562, 571, -665, 674, -768, 777, -871, 880, -974, 983, -1077, 1086, -1180, 1189, -1283, 1292, -1386, 1395, -1489, 1498, -1592, 1601, -1695, 1704, -1798, 1807, -1901, 1910, -2004, 2013, -2107, 2116, -2210, 2219, -2313, 2322, -2416, 2425, -2519, 2528, -2622, 2631, -2725, 2734, -2828, 2837, -2931, 2940, -3034, 3043, -3137, 3146, -3240, 3249, -3343, 3352, -3446, 3455, -3549, 3558, -3652, 3661, -3755, 3764, -3858, 3867, -3961, 3970, -4064, 4073, -4167, 4176, -4270, 4279, -4373, 4382, -4476, 4485, -4579, 4588, -4682, 4691, -4785, 4794, 4841, -4888, 4897, -4991, 5000, -5094, 5103, -5197, 5206]
5301 : [-48, 55, -151, 158, -254, 261, -357, 364, -460, 467, -563, 570, -666, 673, -769, 776, -872, 879, -975, 982, -1078, 1085, -1181, 1188, -1284, 1291, -1387, 1394, -1490, 1497, -1593, 1600, -1696, 1703, -1799, 1806, -1902, 1909, -2005, 2012, -2108, 2115, -2211, 2218, -2314, 2321, -2417, 2424, -2520, 2527, -2623, 2630, -2726, 2733, -2829, 2836, -2932, 2939, -3035, 3042, -3138, 3145, -3241, 3248, -3344, 3351, -3447, 3454, -3550, 3557, -3653, 3660, -3756, 3763, -3859, 3866, -3962, 3969, -4065, 4072, -4168, 4175, -4271, 4278, -4374, 4381, -4477, 4484, -4580, 4587, -4683, 4690, -4786, 4793, -4889, 4896, 4944, -4992, 4999, -5095, 5102, -5198, 5205]
5302 : [-49, 54, -152, 157, -255, 260, -358, 363, -461, 466, -564, 569, -667, 672, -770, 775, -873, 878, -976, 981, -1079, 1084, -1182, 1187, -1285, 1290, -1388, 1393, -1491, 1496, -1594, 1599, -1697, 1702, -1800, 1805, -1903, 1908, -2006, 2011, -2109, 2114, -2212, 2217, -2315, 2320, -2418, 2423, -2521, 2526, -2624, 2629, -2727, 2732, -2830, 2835, -2933, 2938, -3036, 3041, -3139, 3144, -3242, 3247, -3345, 3350, -3448, 3453, -3551, 3556, -3654, 3659, -3757, 3762, -3860, 3865, -3963, 3968, -4066, 4071, -4169, 4174, -4272, 4277, -4375, 4380, -4478, 4483, -4581, 4586, -4684, 4689, -4787, 4792, -4890, 4895, -4993, 4998, 5047, -5096, 5101, -5199, 5204]
5303 : [-50, 53, -153, 156, -256, 259, -359, 362, -462, 465, -565, 568, -668, 671, -771, 774, -874, 877, -977, 980, -1080, 1083, -1183, 1186, -1286, 1289, -1389, 1392, -1492, 1495, -1595, 1598, -1698, 1701, -1801, 1804, -1904, 1907, -2007, 2010, -2110, 2113, -2213, 2216, -2316, 2319, -2419, 2422, -2522, 2525, -2625, 2628, -2728, 2731, -2831, 2834, -2934, 2937, -3037, 3040, -3140, 3143, -3243, 3246, -3346, 3349, -3449, 3452, -3552, 3555, -3655, 3658, -3758, 3761, -3861, 3864, -3964, 3967, -4067, 4070, -4170, 4173, -4273, 4276, -4376, 4379, -4479, 4482, -4582, 4585, -4685, 4688, -4788, 4791, -4891, 4894, -4994, 4997, -5097, 5100, 5150, -5200, 5203]
5304 : [-51, 52, -154, 155, -257, 258, -360, 361, -463, 464, -566, 567, -669, 670, -772, 773, -875, 876, -978, 979, -1081, 1082, -1184, 1185, -1287, 1288, -1390, 1391, -1493, 1494, -1596, 1597, -1699, 1700, -1802, 1803, -1905, 1906, -2008, 2009, -2111, 2112, -2214, 2215, -2317, 2318, -2420, 2421, -2523, 2524, -2626, 2627, -2729, 2730, -2832, 2833, -2935, 2936, -3038, 3039, -3141, 3142, -3244, 3245, -3347, 3348, -3450, 3451, -3553, 3554, -3656, 3657, -3759, 3760, -3862, 3863, -3965, 3966, -4068, 4069, -4171, 4172, -4274, 4275, -4377, 4378, -4480, 4481, -4583, 4584, -4686, 4687, -4789, 4790, -4892, 4893, -4995, 4996, -5098, 5099, -5201, 5202, 5253]
-5304 : [51, -52, 154, -155, 257, -258, 360, -361, 463, -464, 566, -567, 669, -670, 772, -773, 875, -876, 978, -979, 1081, -1082, 1184, -1185, 1287, -1288, 1390, -1391, 1493, -1494, 1596, -1597, 1699, -1700, 1802, -1803, 1905, -1906, 2008, -2009, 2111, -2112, 2214, -2215, 2317, -2318, 2420, -2421, 2523, -2524, 2626, -2627, 2729, -2730, 2832, -2833, 2935, -2936, 3038, -3039, 3141, -3142, 3244, -3245, 3347, -3348, 3450, -3451, 3553, -3554, 3656, -3657, 3759, -3760, 3862, -3863, 3965, -3966, 4068, -4069, 4171, -4172, 4274, -4275, 4377, -4378, 4480, -4481, 4583, -4584, 4686, -4687, 4789, -4790, 4892, -4893, 4995, -4996, 5098, -5099, 5201, -5202, -5253]
-5303 : [50, -53, 153, -156, 256, -259, 359, -362, 462, -465, 565, -568, 668, -671, 771, -774, 874, -877, 977, -980, 1080, -1083, 1183, -1186, 1286, -1289, 1389, -1392, 1492, -1495, 1595, -1598, 1698, -1701, 1801, -1804, 1904, -1907, 2007, -2010, 2110, -2113, 2213, -2216, 2316, -2319, 2419, -2422, 2522, -2525, 2625, -2628, 2728, -2731, 2831, -2834, 2934, -2937, 3037, -3040, 3140, -3143, 3243, -3246, 3346, -3349, 3449, -3452, 3552, -3555, 3655, -3658, 3758, -3761, 3861, -3864, 3964, -3967, 4067, -4070, 4170, -4173, 4273, -4276, 4376, -4379, 4479, -4482, 4582, -4585, 4685, -4688, 4788, -4791, 4891, -4894, 4994, -4997, 5097, -5100, -5150, 5200, -5203]
-5302 : [49, -54, 152, -157, 255, -260, 358, -363, 461, -466, 564, -569, 667, -672, 770, -775, 873, -878, 976, -981, 1079, -1084, 1182, -1187, 1285, -1290, 1388, -1393, 1491, -1496, 1594, -1599, 1697, -1702, 1800, -1805, 1903, -1908, 2006, -2011, 2109, -2114, 2212, -2217, 2315, -2320, 2418, -2423, 2521, -2526, 2624, -2629, 2727, -2732, 2830, -2835, 2933, -2938, 3036, -3041, 3139, -3144, 3242, -3247, 3345, -3350, 3448, -3453, 3551, -3556, 3654, -3659, 3757, -3762, 3860, -3865, 3963, -3968, 4066, -4071, 4169, -4174, 4272, -4277, 4375, -4380, 4478, -4483, 4581, -4586, 4684, -4689, 4787, -4792, 4890, -4895, 4993, -4998, -5047, 5096, -5101, 5199, -5204]
-5301 : [48, -55, 151, -158, 254, -261, 357, -364, 460, -467, 563, -570, 666, -673, 769, -776, 872, -879, 975, -982, 1078, -1085, 1181, -1188, 1284, -1291, 1387, -1394, 1490, -1497, 1593, -1600, 1696, -1703, 1799, -1806, 1902, -1909, 2005, -2012, 2108, -2115, 2211, -2218, 2314, -2321, 2417, -2424, 2520, -2527, 2623, -2630, 2726, -2733, 2829, -2836, 2932, -2939, 3035, -3042, 3138, -3145, 3241, -3248, 3344, -3351, 3447, -3454, 3550, -3557, 3653, -3660, 3756, -3763, 3859, -3866, 3962, -3969, 4065, -4072, 4168, -4175, 4271, -4278, 4374, -4381, 4477, -4484, 4580, -4587, 4683, -4690, 4786, -4793, 4889, -4896, -4944, 4992, -4999, 5095, -5102, 5198, -5205]
-5300 : [47, -56, 150, -159, 253, -262, 356, -365, 459, -468, 562, -571, 665, -674, 768, -777, 871, -880, 974, -983, 1077, -1086, 1180, -1189, 1283, -1292, 1386, -1395, 1489, -1498, 1592, -1601, 1695, -1704, 1798, -1807, 1901, -1910, 2004, -2013, 2107, -2116, 2210, -2219, 2313, -2322, 2416, -2425, 2519, -2528, 2622, -2631, 2725, -2734, 2828, -2837, 2931, -2940, 3034, -3043, 3137, -3146, 3240, -3249, 3343, -3352, 3446, -3455, 3549, -3558, 3652, -3661, 3755, -3764, 3858, -3867, 3961, -3970, 4064, -4073, 4167, -4176, 4270, -4279, 4373, -4382, 4476, -4485, 4579, -4588, 4682, -4691, 4785, -4794, -4841, 4888, -4897, 4991, -5000, 5094, -5103, 5197, -5206]
-5299 : [46, -57, 149, -160, 252, -263, 355, -366, 458, -469, 561, -572, 664, -675, 767, -778, 870, -881, 973, -984, 1076, -1087, 1179, -1190, 1282, -1293, 1385, -1396, 1488, -1499, 1591, -1602, 1694, -1705, 1797, -1808, 1900, -1911, 2003, -2014, 2106, -2117, 2209, -2220, 2312, -2323, 2415, -2426, 2518, -2529, 2621, -2632, 2724, -2735, 2827, -2838, 2930, -2941, 3033, -3044, 3136, -3147, 3239, -3250, 3342, -3353, 3445, -3456, 3548, -3559, 3651, -3662, 3754, -3765, 3857, -3868, 3960, -3971, 4063, -4074, 4166, -4177, 4269, -4280, 4372, -4383, 4475, -4486, 4578, -4589, 4681, -4692, -4738, 4784, -4795, 4887, -4898, 4990, -5001, 5093, -5104, 5196, -5207]
-5298 : [45, -58, 148, -161, 251, -264, 354, -367, 457, -470, 560, -573, 663, -676, 766, -779, 869, -882, 972, -985, 1075, -1088, 1178, -1191, 1281, -1294, 1384, -1397, 1487, -1500, 1590, -1603, 1693, -1706, 1796, -1809, 1899, -1912, 2002, -2015, 2105, -2118, 2208, -2221, 2311, -2324, 2414, -2427, 2517, -2530, 2620, -2633, 2723, -2736, 2826, -2839, 2929, -2942, 3032, -3045, 3135, -3148, 3238, -3251, 3341, -3354, 3444, -3457, 3547, -3560, 3650, -3663, 3753, -3766, 3856, -3869, 3959, -3972, 4062, -4075, 4165, -4178, 4268, -4281, 4371, -4384, 4474, -4487, 4577, -4590, -4635, 4680, -4693, 4783, -4796, 4886, -4899, 4989, -5002, 5092, -5105, 5195, -5208]
-5297 : [44, -59, 147, -162, 250, -265, 353, -368, 456, -471, 559, -574, 662, -677, 765, -780, 868, -883, 971, -986, 1074, -1089, 1177, -1192, 1280, -1295, 1383, -1398, 1486, -1501, 1589, -1604, 1692, -1707, 1795, -1810, 1898, -1913, 2001, -2016, 2104, -2119, 2207, -2222, 2310, -2325, 2413, -2428, 2516, -2531, 2619, -2634, 2722, -2737, 2825, -2840, 2928, -2943, 3031, -3046, 3134, -3149, 3237, -3252, 3340, -3355, 3443, -3458, 3546, -3561, 3649, -3664, 3752, -3767, 3855, -3870, 3958, -3973, 4061, -4076, 4164, -4179, 4267, -4282, 4370, -4385, 4473, -4488, -4532, 4576, -4591, 4679, -4694, 4782, -4797, 4885, -4900, 4988, -5003, 5091, -5106, 5194, -5209]
-5296 : [43, -60, 146, -163, 249, -266, 352, -369, 455, -472, 558, -575, 661, -678, 764, -781, 867, -884, 970, -987, 1073, -1090, 1176, -1193, 1279, -1296, 1382, -1399, 1485, -1502, 1588, -1605, 1691, -1708, 1794, -1811, 1897, -1914, 2000, -2017, 2103, -2120, 2206, -2223, 2309, -2326, 2412, -2429, 2515, -2532, 2618, -2635, 2721, -2738, 2824, -2841, 2927, -2944, 3030, -3047, 3133, -3150, 3236, -3253, 3339, -3356, 3442, -3459, 3545, -3562, 3648, -3665, 3751, -3768, 3854, -3871, 3957, -3974, 4060, -4077, 4163, -4180, 4266, -4283, 4369, -4386, -4429, 4472, -4489, 4575, -4592, 4678, -4695, 4781, -4798, 4884, -4901, 4987, -5004, 5090, -5107, 5193, -5210]
-5295 : [42, -61, 145, -164, 248, -267, 351, -370, 454, -473, 557, -576, 660, -679, 763, -782, 866, -885, 969, -988, 1072, -1091, 1175, -1194, 1278, -1297, 1381, -1400, 1484, -1503, 1587, -1606, 1690, -1709, 1793, -1812, 1896, -1915, 1999, -2018, 2102, -2121, 2205, -2224, 2308, -2327, 2411, -2430, 2514, -2533, 2617, -2636, 2720, -2739, 2823, -2842, 2926, -2945, 3029, -3048, 3132, -3151, 3235, -3254, 3338, -3357, 3441, -3460, 3544, -3563, 3647, -3666, 3750, -3769, 3853, -3872, 3956, -3975, 4059, -4078, 4162, -4181, 4265, -4284, -4326, 4368, -4387, 4471, -4490, 4574, -4593, 4677, -4696, 4780, -4799, 4883, -4902, 4986, -5005, 5089, -5108, 5192, -5211]
-5294 : [41, -62, 144, -165, 247, -268, 350, -371, 453, -474, 556, -577, 659, -680, 762, -783, 865, -886, 968, -989, 1071, -1092, 1174, -1195, 1277, -1298, 1380, -1401, 1483, -1504, 1586, -1607, 1689, -1710, 1792, -1813, 1895, -1916, 1998, -2019, 2101, -2122, 2204, -2225, 2307, -2328, 2410, -2431, 2513, -2534, 2616, -2637, 2719, -2740, 2822, -2843, 2925, -2946, 3028, -3049, 3131, -3152, 3234, -3255, 3337, -3358, 3440, -3461, 3543, -3564, 3646, -3667, 3749, -3770, 3852, -3873, 3955, -3976, 4058, -4079, 4161, -4182, -4223, 4264, -4285, 4367, -4388, 4470, -4491, 4573, -4594, 4676, -4697, 4779, -4800, 4882, -4903, 4985, -5006, 5088, -5109, 5191, -5212]
-5293 : [40, -63, 143, -166, 246, -269, 349, -372, 452, -475, 555, -578, 658, -681, 761, -784, 864, -887, 967, -990, 1070, -1093, 1173, -1196, 1276, -1299, 1379, -1402, 1482, -1505, 1585, -1608, 1688, -1711, 1791, -1814, 1894, -1917, 1997, -2020, 2100, -2123, 2203, -2226, 2306, -2329, 2409, -2432, 2512, -2535, 2615, -2638, 2718, -2741, 2821, -2844, 2924, -2947, 3027, -3050, 3130, -3153, 3233, -3256, 3336, -3359, 3439, -3462, 3542, -3565, 3645, -3668, 3748, -3771, 3851, -3874, 3954, -3977, 4057, -4080, -4120, 4160, -4183, 4263, -4286, 4366, -4389, 4469, -4492, 4572, -4595, 4675, -4698, 4778, -4801, 4881, -4904, 4984, -5007, 5087, -5110, 5190, -5213]
-5292 : [39, -64, 142, -167, 245, -270, 348, -373, 451, -476, 554, -579, 657, -682, 760, -785, 863, -888, 966, -991, 1069, -1094, 1172, -1197, 1275, -1300, 1378, -1403, 1481, -1506, 1584, -1609, 1687, -1712, 1790, -1815, 1893, -1918, 1996, -2021, 2099, -2124, 2202, -2227, 2305, -2330, 2408, -2433, 2511, -2536, 2614, -2639, 2717, -2742, 2820, -2845, 2923, -2948, 3026, -3051, 3129, -3154, 3232, -3257, 3335, -3360, 3438, -3463, 3541, -3566, 3644, -3669, 3747, -3772, 3850, -3875, 3953, -3978, -4017, 4056, -4081, 4159, -4184, 4262, -4287, 4365, -4390, 4468, -4493, 4571, -4596, 4674, -4699, 4777, -4802, 4880, -4905, 4983, -5008, 5086, -5111, 5189, -5214]
-5291 : [38, -65, 141, -168, 244, -271, 347, -374, 450, -477, 553, -580, 656, -683, 759, -786, 862, -889, 965, -992, 1068, -1095, 1171, -1198, 1274, -1301, 1377, -1404, 1480, -1507, 1583, -1610, 1686, -1713, 1789, -1816, 1892, -1919, 1995, -2022, 2098, -2125, 2201, -2228, 2304, -2331, 2407, -2434, 2510, -2537, 2613, -2640, 2716, -2743, 2819, -2846, 2922, -2949, 3025, -3052, 3128, -3155, 3231, -3258, 3334, -3361, 3437, -3464, 3540, -3567, 3643, -3670, 3746, -3773, 3849, -3876, -3914, 3952, -3979, 4055, -4082, 4158, -4185, 4261, -4288, 4364, -4391, 4467, -4494, 4570, -4597, 4673, -4700, 4776, -4803, 4879, -4906, 4982, -5009, 5085, -5112, 5188, -5215]
-5290 : [37, -66, 140, -169, 243, -272, 346, -375, 449, -478, 552, -581, 655, -684, 758, -787, 861, -890, 964, -993, 1067, -1096, 1170, -1199, 1273, -1302, 1376, -1405, 1479, -1508, 1582, -1611, 1685, -1714, 1788, -1817, 1891, -1920, 1994, -2023, 2097, -2126, 2200, -2229, 2303, -2332, 2406, -2435, 2509, -2538, 2612, -2641, 2715, -2744, 2818, -2847, 2921, -2950, 3024, -3053, 3127, -3156, 3230, -3259, 3333, -3362, 3436, -3465, 3539, -3568, 3642, -3671, 3745, -3774, -3811, 3848, -3877, 3951, -3980, 4054, -4083, 4157, -4186, 4260, -4289, 4363, -4392, 4466, -4495, 4569, -4598, 4672, -4701, 4775, -4804, 4878, -4907, 4981, -5010, 5084, -5113, 5187, -5216]
-5289 : [36, -67, 139, -170, 242, -273, 345, -376, 448, -479, 551, -582, 654, -685, 757, -788, 860, -891, 963, -994, 1066, -1097, 1169, -1200, 1272, -1303, 1375, -1406, 1478, -1509, 1581, -1612, 1684, -1715, 1787, -1818, 1890, -1921, 1993, -2024, 2096, -2127, 2199, -2230, 2302, -2333, 2405, -2436, 2508, -2539, 2611, -2642, 2714, -2745, 2817, -2848, 2920, -2951, 3023, -3054, 3126, -3157, 3229, -3260, 3332, -3363, 3435, -3466, 3538, -3569, 3641, -3672, -3708, 3744, -3775, 3847, -3878, 3950, -3981, 4053, -4084, 4156, -4187, 4259, -4290, 4362, -4393, 4465, -4496, 4568, -4599, 4671, -4702, 4774, -4805, 4877, -4908, 4980, -5011, 5083, -5114, 5186, -5217]
-5288 : [35, -68, 138, -171, 241, -274, 344, -377, 447, -480, 550, -583, 653, -686, 756, -789, 859, -892, 962, -995, 1065, -1098, 1168, -1201, 1271, -1304, 1374, -1407, 1477, -1510, 1580, -1613, 1683, -1716, 1786, -1819, 1889, -1922, 1992, -2025, 2095, -2128, 2198, -2231, 2301, -2334, 2404, -2437, 2507, -2540, 2610, -2643, 2713, -2746, 2816, -2849, 2919, -2952, 3022, -3055, 3125, -3158, 3228, -3261, 3331, -3364, 3434, -3467, 3537, -3570, -3605, 3640, -3673, 3743, -3776, 3846, -3879, 3949, -3982, 4052, -4085, 4155, -4188, 4258, -4291, 4361, -4394, 4464, -4497, 4567, -4600, 4670, -4703, 4773, -4806, 4876, -4909, 4979, -5012, 5082, -5115, 5185, -5218]
-5287 : [34, -69, 137, -172, 240, -275, 343, -378, 446, -481, 549, -584, 652, -687, 755, -790, 858, -893, 961, -996, 1064, -1099, 1167, -1202, 1270, -1305, 1373, -1408, 1476, -1511, 1579, -1614, 1682, -1717, 1785, -1820, 1888, -1923, 1991, -2026, 2094, -2129, 2197, -2232, 2300, -2335, 2403, -2438, 2506, -2541, 2609, -2644, 2712, -2747, 2815, -2850, 2918, -2953, 3021, -3056, 3124, -3159, 3227, -3262, 3330, -3365, 3433, -3468, -3502, 3536, -3571, 3639, -3674, 3742, -3777, 3845, -3880, 3948, -3983, 4051, -4086, 4154, -4189, 4257, -4292, 4360, -4395, 4463, -4498, 4566, -4601, 4669, -4704, 4772, -4807, 4875, -4910, 4978, -5013, 5081, -5116, 5184, -5219]
-5286 : [33, -70, 136, -173, 239, -276, 342, -379, 445, -482, 548, -585, 651, -688, 754, -791, 857, -894, 960, -997, 1063, -1100, 1166, -1203, 1269, -1306, 1372, -1409, 1475, -1512, 1578, -1615, 1681, -1718, 1784, -1821, 1887, -1924, 1990, -2027, 2093, -2130, 2196, -2233, 2299, -2336, 2402, -2439, 2505, -2542, 2608, -2645, 2711, -2748, 2814, -2851, 2917, -2954, 3020, -3057, 3123, -3160, 3226, -3263, 3329, -3366, -3399, 3432, -3469, 3535, -3572, 3638, -3675, 3741, -3778, 3844, -3881, 3947, -3984, 4050, -4087, 4153, -4190, 4256, -4293, 4359, -4396, 4462, -4499, 4565, -4602, 4668, -4705, 4771, -4808, 4874, -4911, 4977, -5014, 5080, -5117, 5183, -5220]
-5285 : [32, -71, 135, -174, 238, -277, 341, -380, 444, -483, 547, -586, 650, -689, 753, -792, 856, -895, 959, -998, 1062, -1101, 1165, -1204, 1268, -1307, 1371, -1410, 1474, -1513, 1577, -1616, 1680, -1719, 1783, -1822, 1886, -1925, 1989, -2028, 2092, -2131, 2195, -2234, 2298, -2337, 2401, -2440, 2504, -2543, 2607, -2646, 2710, -2749, 2813, -2852, 2916, -2955, 3019, -3058, 3122, -3161, 3225, -3264, -3296, 3328, -3367, 3431, -3470, 3534, -3573, 3637, -3676, 3740, -3779, 3843, -3882, 3946, -3985, 4049, -4088, 4152, -4191, 4255, -4294, 4358, -4397, 4461, -4500, 4564, -4603, 4667, -4706, 4770, -4809, 4873, -4912, 4976, -5015, 5079, -5118, 5182, -5221]
-5284 : [31, -72, 134, -175, 237, -278, 340, -381, 443, -484, 546, -587, 649, -690, 752, -793, 855, -896, 958, -999, 1061, -1102, 1164, -1205, 1267, -1308, 1370, -1411, 1473, -1514, 1576, -1617, 1679, -1720, 1782, -1823, 1885, -1926, 1988, -2029, 2091, -2132, 2194, -2235, 2297, -2338, 2400, -2441, 2503, -2544, 2606, -2647, 2709, -2750, 2812, -2853, 2915, -2956, 3018, -3059, 3121, -3162, -3193, 3224, -3265, 3327, -3368, 3430, -3471, 3533, -3574, 3636, -3677, 3739, -3780, 3842, -3883, 3945, -3986, 4048, -4089, 4151, -4192, 4254, -4295, 4357, -4398, 4460, -4501, 4563, -4604, 4666, -4707, 4769, -4810, 4872, -4913, 4975, -5016, 5078, -5119, 5181, -5222]
-5283 : [30, -73, 133, -176, 236, -279, 339, -382, 442, -485, 545, -588, 648, -691, 751, -794, 854, -897, 957, -1000, 1060, -1103, 1163, -1206, 1266, -1309, 1369, -1412, 1472, -1515, 1575, -1618, 1678, -1721, 1781, -1824, 1884, -1927, 1987, -2030, 2090, -2133, 2193, -2236, 2296, -2339, 2399, -2442, 2502, -2545, 2605, -2648, 2708, -2751, 2811, -2854, 2914, -2957, 3017, -3060, -3090, 3120, -3163, 3223, -3266, 3326, -3369, 3429, -3472, 3532, -3575, 3635, -3678, 3738, -3781, 3841, -3884, 3944, -3987, 4047, -4090, 4150, -4193, 4253, -4296, 4356, -4399, 4459, -4502, 4562, -4605, 4665, -4708, 4768, -4811, 4871, -4914, 4974, -5017, 5077, -5120, 5180, -5223]
-5282 : [29, -74, 132, -177, 235, -280, 338, -383, 441, -486, 544, -589, 647, -692, 750, -795, 853, -898, 956, -1001, 1059, -1104, 1162, -1207, 1265, -1310, 1368, -1413, 1471, -1516, 1574, -1619, 1677, -1722, 1780, -1825, 1883, -1928, 1986, -2031, 2089, -2134, 2192, -2237, 2295, -2340, 2398, -2443, 2501, -2546, 2604, -2649, 2707, -2752, 2810, -2855, 2913, -2958, -2987, 3016, -3061, 3119, -3164, 3222, -3267, 3325, -3370, 3428, -3473, 3531, -3576, 3634, -3679, 3737, -3782, 3840, -3885, 3943, -3988, 4046, -4091, 4149, -4194, 4252, -4297, 4355, -4400, 4458, -4503, 4561, -4606, 4664, -4709, 4767, -4812, 4870, -4915, 4973, -5018, 5076, -5121, 5179, -5224]
-5281 : [28, -75, 131, -178, 234, -281, 337, -384, 440, -487, 543, -590, 646, -693, 749, -796, 852, -899, 955, -1002, 1058, -1105, 1161, -1208, 1264, -1311, 1367, -1414, 1470, -1517, 1573, -1620, 1676, -1723, 1779, -1826, 1882, -1929, 1985, -2032, 2088, -2135, 2191, -2238, 2294, -2341, 2397, -2444, 2500, -2547, 2603, -2650, 2706, -2753, 2809, -2856, -2884, 2912, -2959, 3015, -3062, 3118, -3165, 3221, -3268, 3324, -3371, 3427, -3474, 3530, -3577, 3633, -3680, 3736, -3783, 3839, -3886, 3942, -3989, 4045, -4092, 4148, -4195, 4251, -4298, 4354, -4401, 4457, -4504, 4560, -4607, 4663, -4710, 4766, -4813, 4869, -4916, 4972, -5019, 5075, -5122, 5178, -5225]
-5280 : [27, -76, 130, -179, 233, -282, 336, -385, 439, -488, 542, -591, 645, -694, 748, -797, 851, -900, 954, -1003, 1057, -1106, 1160, -1209, 1263, -1312, 1366, -1415, 1469, -1518, 1572, -1621, 1675, -1724, 1778, -1827, 1881, -1930, 1984, -2033, 2087, -2136, 2190, -2239, 2293, -2342, 2396, -2445, 2499, -2548, 2602, -2651, 2705, -2754, -2781, 2808, -2857, 2911, -2960, 3014, -3063, 3117, -3166, 3220, -3269, 3323, -3372, 3426, -3475, 3529, -3578, 3632, -3681, 3735, -3784, 3838, -3887, 3941, -3990, 4044, -4093, 4147, -4196, 4250, -4299, 4353, -4402, 4456, -4505, 4559, -4608, 4662, -4711, 4765, -4814, 4868, -4917, 4971, -5020, 5074, -5123, 5177, -5226]
-5279 : [26, -77, 129, -180, 232, -283, 335, -386, 438, -489, 541, -592, 644, -695, 747, -798, 850, -901, 953, -1004, 1056, -1107, 1159, -1210, 1262, -1313, 1365, -1416, 1468, -1519, 1571, -1622, 1674, -1725, 1777, -1828, 1880, -1931, 1983, -2034, 2086, -2137, 2189, -2240, 2292, -2343, 2395, -2446, 2498, -2549, 2601, -2652, -2678, 2704, -2755, 2807, -2858, 2910, -2961, 3013, -3064, 3116, -3167, 3219, -3270, 3322, -3373, 3425, -3476, 3528, -3579, 3631, -3682, 3734, -3785, 3837, -3888, 3940, -3991, 4043, -4094, 4146, -4197, 4249, -4300, 4352, -4403, 4455, -4506, 4558, -4609, 4661, -4712, 4764, -4815, 4867, -4918, 4970, -5021, 5073, -5124, 5176, -5227]
-5278 : [25, -78, 128, -181, 231, -284, 334, -387, 437, -490, 540, -593, 643, -696, 746, -799, 849, -902, 952, -1005, 1055, -1108, 1158, -1211, 1261, -1314, 1364, -1417, 1467, -1520, 1570, -1623, 1673, -1726, 1776, -1829, 1879, -1932, 1982, -2035, 2085, -2138, 2188, -2241, 2291, -2344, 2394, -2447, 2497, -2550, -2575, 2600, -2653, 2703, -2756, 2806, -2859, 2909, -2962, 3012, -3065, 3115, -3168, 3218, -3271, 3321, -3374, 3424, -3477, 3527, -3580, 3630, -3683, 3733, -3786, 3836, -3889, 3939, -3992, 4042, -4095, 4145, -4198, 4248, -4301, 4351, -4404, 4454, -4507, 4557, -4610, 4660, -4713, 4763, -4816, 4866, -4919, 4969, -5022, 5072, -5125, 5175, -5228]
-5277 : [24, -79, 127, -182, 230, -285, 333, -388, 436, -491, 539, -594, 642, -697, 745, -800, 848, -903, 951, -1006, 1054, -1109, 1157, -1212, 1260, -1315, 1363, -1418, 1466, -1521, 1569, -1624, 1672, -1727, 1775, -1830, 1878, -1933, 1981, -2036, 2084, -2139, 2187, -2242, 2290, -2345, 2393, -2448, -2472, 2496, -2551, 2599, -2654, 2702, -2757, 2805, -2860, 2908, -2963, 3011, -3066, 3114, -3169, 3217, -3272, 3320, -3375, 3423, -3478, 3526, -3581, 3629, -3684, 3732, -3787, 3835, -3890, 3938, -3993, 4041, -4096, 4144, -4199, 4247, -4302, 4350, -4405, 4453, -4508, 4556, -4611, 4659, -4714, 4762, -4817, 4865, -4920, 4968, -5023, 5071, -5126, 5174, -5229]
-5276 : [23, -80, 126, -183, 229, -286, 332, -389, 435, -492, 538, -595, 641, -698, 744, -801, 847, -904, 950, -1007, 1053, -1110, 1156, -1213, 1259, -1316, 1362, -1419, 1465, -1522, 1568, -1625, 1671, -1728, 1774, -1831, 1877, -1934, 1980, -2037, 2083, -2140, 2186, -2243, 2289, -2346, -2369, 2392, -2449, 2495, -2552, 2598, -2655, 2701, -2758, 2804, -2861, 2907, -2964, 3010, -3067, 3113, -3170, 3216, -3273, 3319, -3376, 3422, -3479, 3525, -3582, 3628, -3685, 3731, -3788, 3834, -3891, 3937, -3994, 4040, -4097, 4143, -4200, 4246, -4303, 4349, -4406, 4452, -4509, 4555, -4612, 4658, -4715, 4761, -4818, 4864, -4921, 4967, -5024, 5070, -5127, 5173, -5230]
-5275 : [22, -81, 125, -184, 228, -287, 331, -390, 434, -493, 537, -596, 640, -699, 743, -802, 846, -905, 949, -1008, 1052, -1111, 1155, -1214, 1258, -1317, 1361, -1420, 1464, -1523, 1567, -1626, 1670, -1729, 1773, -1832, 1876, -1935, 1979, -2038, 2082, -2141, 2185, -2244, -2266, 2288, -2347, 2391, -2450, 2494, -2553, 2597, -2656, 2700, -2759, 2803, -2862, 2906, -2965, 3009, -3068, 3112, -3171, 3215, -3274, 3318, -3377, 3421, -3480, 3524, -3583, 3627, -3686, 3730, -3789, 3833, -3892, 3936, -3995, 4039, -4098, 4142, -4201, 4245, -4304, 4348, -4407, 4451, -4510, 4554, -4613, 4657, -4716, 4760, -4819, 4863, -4922, 4966, -5025, 5069, -5128, 5172, -5231]
-5274 : [21, -82, 124, -185, 227, -288, 330, -391, 433, -494, 536, -597, 639, -700, 742, -803, 845, -906, 948, -1009, 1051, -1112, 1154, -1215, 1257, -1318, 1360, -1421, 1463, -1524, 1566, -1627, 1669, -1730, 1772, -1833, 1875, -1936, 1978, -2039, 2081, -2142, -2163, 2184, -2245, 2287, -2348, 2390, -2451, 2493, -2554, 2596, -2657, 2699, -2760, 2802, -2863, 2905, -2966, 3008, -3069, 3111, -3172, 3214, -3275, 3317, -3378, 3420, -3481, 3523, -3584, 3626, -3687, 3729, -3790, 3832, -3893, 3935, -3996, 4038, -4099, 4141, -4202, 4244, -4305, 4347, -4408, 4450, -4511, 4553, -4614, 4656, -4717, 4759, -4820, 4862, -4923, 4965, -5026, 5068, -5129, 5171, -5232]
-5273 : [20, -83, 123, -186, 226, -289, 329, -392, 432, -495, 535, -598, 638, -701, 741, -804, 844, -907, 947, -1010, 1050, -1113, 1153, -1216, 1256, -1319, 1359, -1422, 1462, -1525, 1565, -1628, 1668, -1731, 1771, -1834, 1874, -1937, 1977, -2040, -2060, 2080, -2143, 2183, -2246, 2286, -2349, 2389, -2452, 2492, -2555, 2595, -2658, 2698, -2761, 2801, -2864, 2904, -2967, 3007, -3070, 3110, -3173, 3213, -3276, 3316, -3379, 3419, -3482, 3522, -3585, 3625, -3688, 3728, -3791, 3831, -3894, 3934, -3997, 4037, -4100, 4140, -4203, 4243, -4306, 4346, -4409, 4449, -4512, 4552, -4615, 4655, -4718, 4758, -4821, 4861, -4924, 4964, -5027, 5067, -5130, 5170, -5233]
-5272 : [19, -84, 122, -187, 225, -290, 328, -393, 431, -496, 534, -599, 637, -702, 740, -805, 843, -908, 946, -1011, 1049, -1114, 1152, -1217, 1255, -1320, 1358, -1423, 1461, -1526, 1564, -1629, 1667, -1732, 1770, -1835, 1873, -1938, -1957, 1976, -2041, 2079, -2144, 2182, -2247, 2285, -2350, 2388, -2453, 2491, -2556, 2594, -2659, 2697, -2762, 2800, -2865, 2903, -2968, 3006, -3071, 3109, -3174, 3212, -3277, 3315, -3380, 3418, -3483, 3521, -3586, 3624, -3689, 3727, -3792, 3830, -3895, 3933, -3998, 4036, -4101, 4139, -4204, 4242, -4307, 4345, -4410, 4448, -4513, 4551, -4616, 4654, -4719, 4757, -4822, 4860, -4925, 4963, -5028, 5066, -5131, 5169, -5234]
-5271 : [18, -85, 121, -188, 224, -291, 327, -394, 430, -497, 533, -600, 636, -703, 739, -806, 842, -909, 945, -1012, 1048, -1115, 1151, -1218, 1254, -1321, 1357, -1424, 1460, -1527, 1563, -1630, 1666, -1733, 1769, -1836, -1854, 1872, -1939, 1975, -2042, 2078, -2145, 2181, -2248, 2284, -2351, 2387, -2454, 2490, -2557, 2593, -2660, 2696, -2763, 2799, -2866, 2902, -2969, 3005, -3072, 3108, -3175, 3211, -3278, 3314, -3381, 3417, -3484, 3520, -3587, 3623, -3690, 3726, -3793, 3829, -3896, 3932, -3999, 4035, -4102, 4138, -4205, 4241, -4308, 4344, -4411, 4447, -4514, 4550, -4617, 4653, -4720, 4756, -4823, 4859, -4926, 4962, -5029, 5065, -5132, 5168, -5235]
-5270 : [17, -86, 120, -189, 223, -292, 326, -395, 429, -498, 532, -601, 635, -704, 738, -807, 841, -910, 944, -1013, 1047, -1116, 1150, -1219, 1253, -1322, 1356, -1425, 1459, -1528, 1562, -1631, 1665, -1734, -1751, 1768, -1837, 1871, -1940, 1974, -2043, 2077, -2146, 2180, -2249, 2283, -2352, 2386, -2455, 2489, -2558, 2592, -2661, 2695, -2764, 2798, -2867, 2901, -2970, 3004, -3073, 3107, -3176, 3210, -3279, 3313, -3382, 3416, -3485, 3519, -3588, 3622, -3691, 3725, -3794, 3828, -3897, 3931, -4000, 4034, -4103, 4137, -4206, 4240, -4309, 4343, -4412, 4446, -4515, 4549, -4618, 4652, -4721, 4755, -4824, 4858, -4927, 4961, -5030, 5064, -5133, 5167, -5236]
-5269 : [16, -87, 119, -190, 222, -293, 325, -396, 428, -499, 531, -602, 634, -705, 737, -808, 840, -911, 943, -1014, 1046, -1117, 1149, -1220, 1252, -1323, 1355, -1426, 1458, -1529, 1561, -1632, -1648, 1664, -1735, 1767, -1838, 1870, -1941, 1973, -2044, 2076, -2147, 2179, -2250, 2282, -2353, 2385, -2456, 2488, -2559, 2591, -2662, 2694, -2765, 2797, -2868, 2900, -2971, 3003, -3074, 3106, -3177, 3209, -3280, 3312, -3383, 3415, -3486, 3518, -3589, 3621, -3692, 3724, -3795, 3827, -3898, 3930, -4001, 4033, -4104, 4136, -4207, 4239, -4310, 4342, -4413, 4445, -4516, 4548, -4619, 4651, -4722, 4754, -4825, 4857, -4928, 4960, -5031, 5063, -5134, 5166, -5237]
-5268 : [15, -88, 118, -191, 221, -294, 324, -397, 427, -500, 530, -603, 633, -706, 736, -809, 839, -912, 942, -1015, 1045, -1118, 1148, -1221, 1251, -1324, 1354, -1427, 1457, -1530, -1545, 1560, -1633, 1663, -1736, 1766, -1839, 1869, -1942, 1972, -2045, 2075, -2148, 2178, -2251, 2281, -2354, 2384, -2457, 2487, -2560, 2590, -2663, 2693, -2766, 2796, -2869, 2899, -2972, 3002, -3075, 3105, -3178, 3208, -3281, 3311, -3384, 3414, -3487, 3517, -3590, 3620, -3693, 3723, -3796, 3826, -3899, 3929, -4002, 4032, -4105, 4135, -4208, 4238, -4311, 4341, -4414, 4444, -4517, 4547, -4620, 4650, -4723, 4753, -4826, 4856, -4929, 4959, -5032, 5062, -5135, 5165, -5238]
-5267 : [14, -89, 117, -192, 220, -295, 323, -398, 426, -501, 529, -604, 632, -707, 735, -810, 838, -913, 941, -1016, 1044, -1119, 1147, -1222, 1250, -1325, 1353, -1428, -1442, 1456, -1531, 1559, -1634, 1662, -1737, 1765, -1840, 1868, -1943, 1971, -2046, 2074, -2149, 2177, -2252, 2280, -2355, 2383, -2458, 2486, -2561, 2589, -2664, 2692, -2767, 2795, -2870, 2898, -2973, 3001, -3076, 3104, -3179, 3207, -3282, 3310, -3385, 3413, -3488, 3516, -3591, 3619, -3694, 3722, -3797, 3825, -3900, 3928, -4003, 4031, -4106, 4134, -4209, 4237, -4312, 4340, -4415, 4443, -4518, 4546, -4621, 4649, -4724, 4752, -4827, 4855, -4930, 4958, -5033, 5061, -5136, 5164, -5239]
-5266 : [13, -90, 116, -193, 219, -296, 322, -399, 425, -502, 528, -605, 631, -708, 734, -811, 837, -914, 940, -1017, 1043, -1120, 1146, -1223, 1249, -1326, -1339, 1352, -1429, 1455, -1532, 1558, -1635, 1661, -1738, 1764, -1841, 1867, -1944, 1970, -2047, 2073, -2150, 2176, -2253, 2279, -2356, 2382, -2459, 2485, -2562, 2588, -2665, 2691, -2768, 2794, -2871, 2897, -2974, 3000, -3077, 3103, -3180, 3206, -3283, 3309, -3386, 3412, -3489, 3515, -3592, 3618, -3695, 3721, -3798, 3824, -3901, 3927, -4004, 4030, -4107, 4133, -4210, 4236, -4313, 4339, -4416, 4442, -4519, 4545, -4622, 4648, -4725, 4751, -4828, 4854, -4931, 4957, -5034, 5060, -5137, 5163, -5240]
-5265 : [12, -91, 115, -194, 218, -297, 321, -400, 424, -503, 527, -606, 630, -709, 733, -812, 836, -915, 939, -1018, 1042, -1121, 1145, -1224, -1236, 1248, -1327, 1351, -1430, 1454, -1533, 1557, -1636, 1660, -1739, 1763, -1842, 1866, -1945, 1969, -2048, 2072, -2151, 2175, -2254, 2278, -2357, 2381, -2460, 2484, -2563, 2587, -2666, 2690, -2769, 2793, -2872, 2896, -2975, 2999, -3078, 3102, -3181, 3205, -3284, 3308, -3387, 3411, -3490, 3514, -3593, 3617, -3696, 3720, -3799, 3823, -3902, 3926, -4005, 4029, -4108, 4132, -4211, 4235, -4314, 4338, -4417, 4441, -4520, 4544, -4623, 4647, -4726, 4750, -4829, 4853, -4932, 4956, -5035, 5059, -5138, 5162, -5241]
-5264 : [11, -92, 114, -195, 217, -298, 320, -401, 423, -504, 526, -607, 629, -710, 732, -813, 835, -916, 938, -1019, 1041, -1122, -1133, 1144, -1225, 1247, -1328, 1350, -1431, 1453, -1534, 1556, -1637, 1659, -1740, 1762, -1843, 1865, -1946, 1968, -2049, 2071, -2152, 2174, -2255, 2277, -2358, 2380, -2461, 2483, -2564, 2586, -2667, 2689, -2770, 2792, -2873, 2895, -2976, 2998, -3079, 3101, -3182, 3204, -3285, 3307, -3388, 3410, -3491, 3513, -3594, 3616, -3697, 3719, -3800, 3822, -3903, 3925, -4006, 4028, -4109, 4131, -4212, 4234, -4315, 4337, -4418, 4440, -4521, 4543, -4624, 4646, -4727, 4749, -4830, 4852, -4933, 4955, -5036, 5058, -5139, 5161, -5242]
-5263 : [10, -93, 113, -196, 216, -299, 319, -402, 422, -505, 525, -608, 628, -711, 731, -814, 834, -917, 937, -1020, -1030, 1040, -1123, 1143, -1226, 1246, -1329, 1349, -1432, 1452, -1535, 1555, -1638, 1658, -1741, 1761, -1844, 1864, -1947, 1967, -2050, 2070, -2153, 2173, -2256, 2276, -2359, 2379, -2462, 2482, -2565, 2585, -2668, 2688, -2771, 2791, -2874, 2894, -2977, 2997, -3080, 3100, -3183, 3203, -3286, 3306, -3389, 3409, -3492, 3512, -3595, 3615, -3698, 3718, -3801, 3821, -3904, 3924, -4007, 4027, -4110, 4130, -4213, 4233, -4316, 4336, -4419, 4439, -4522, 4542, -4625, 4645, -4728, 4748, -4831, 4851, -4934, 4954, -5037, 5057, -5140, 5160, -5243]
-5262 : [9, -94, 112, -197, 215, -300, 318, -403, 421, -506, 524, -609, 627, -712, 730, -815, 833, -918, -927, 936, -1021, 1039, -1124, 1142, -1227, 1245, -1330, 1348, -1433, 1451, -1536, 1554, -1639, 1657, -1742, 1760, -1845, 1863, -1948, 1966, -2051, 2069, -2154, 2172, -2257, 2275, -2360, 2378, -2463, 2481, -2566, 2584, -2669, 2687, -2772, 2790, -2875, 2893, -2978, 2996, -3081, 3099, -3184, 3202, -3287, 3305, -3390, 3408, -3493, 3511, -3596, 3614, -3699, 3717, -3802, 3820, -3905, 3923, -4008, 4026, -4111, 4129, -4214, 4232, -4317, 4335, -4420, 4438, -4523, 4541, -4626, 4644, -4729, 4747, -4832, 4850, -4935, 4953, -5038, 5056, -5141, 5159, -5244]
-5261 : [8, -95, 111, -198, 214, -301, 317, -404, 420, -507, 523, -610, 626, -713, 729, -816, -824, 832, -919, 935, -1022, 1038, -1125, 1141, -1228, 1244, -1331, 1347, -1434, 1450, -1537, 1553, -1640, 1656, -1743, 1759, -1846, 1862, -1949, 1965, -2052, 2068, -2155, 2171, -2258, 2274, -2361, 2377, -2464, 2480, -2567, 2583, -2670, 2686, -2773, 2789, -2876, 2892, -2979, 2995, -3082, 3098, -3185, 3201, -3288, 3304, -3391, 3407, -3494, 3510, -3597, 3613, -3700, 3716, -3803, 3819, -3906, 3922, -4009, 4025, -4112, 4128, -4215, 4231, -4318, 4334, -4421, 4437, -4524, 4540, -4627, 4643, -4730, 4746, -4833, 4849, -4936, 4952, -5039, 5055, -5142, 5158, -5245]
-5260 : [7, -96, 110, -199, 213, -302, 316, -405, 419, -508, 522, -611, 625, -714, -721, 728, -817, 831, -920, 934, -1023, 1037, -1126, 1140, -1229, 1243, -1332, 1346, -1435, 1449, -1538, 1552, -1641, 1655, -1744, 1758, -1847, 1861, -1950, 1964, -2053, 2067, -2156, 2170, -2259, 2273, -2362, 2376, -2465, 2479, -2568, 2582, -2671, 2685, -2774, 2788, -2877, 2891, -2980, 2994, -3083, 3097, -3186, 3200, -3289, 3303, -3392, 3406, -3495, 3509, -3598, 3612, -3701, 3715, -3804, 3818, -3907, 3921, -4010, 4024, -4113, 4127, -4216, 4230, -4319, 4333, -4422, 4436, -4525, 4539, -4628, 4642, -4731, 4745, -4834, 4848, -4937, 4951, -5040, 5054, -5143, 5157, -5246]
-5259 : [6, -97, 109, -200, 212, -303, 315, -406, 418, -509, 521, -612, -618, 624, -715, 727, -818, 830, -921, 933, -1024, 1036, -1127, 1139, -1230, 1242, -1333, 1345, -1436, 1448, -1539, 1551, -1642, 1654, -1745, 1757, -1848, 1860, -1951, 1963, -2054, 2066, -2157, 2169, -2260, 2272, -2363, 2375, -2466, 2478, -2569, 2581, -2672, 2684, -2775, 2787, -2878, 2890, -2981, 2993, -3084, 3096, -3187, 3199, -3290, 3302, -3393, 3405, -3496, 3508, -3599, 3611, -3702, 3714, -3805, 3817, -3908, 3920, -4011, 4023, -4114, 4126, -4217, 4229, -4320, 4332, -4423, 4435, -4526, 4538, -4629, 4641, -4732, 4744, -4835, 4847, -4938, 4950, -5041, 5053, -5144, 5156, -5247]
-5258 : [5, -98, 108, -201, 211, -304, 314, -407, 417, -510, -515, 520, -613, 623, -716, 726, -819, 829, -922, 932, -1025, 1035, -1128, 1138, -1231, 1241, -1334, 1344, -1437, 1447, -1540, 1550, -1643, 1653, -1746, 1756, -1849, 1859, -1952, 1962, -2055, 2065, -2158, 2168, -2261, 2271, -2364, 2374, -2467, 2477, -2570, 2580, -2673, 2683, -2776, 2786, -2879, 2889, -2982, 2992, -3085, 3095, -3188, 3198, -3291, 3301, -3394, 3404, -3497, 3507, -3600, 3610, -3703, 3713, -3806, 3816, -3909, 3919, -4012, 4022, -4115, 4125, -4218, 4228, -4321, 4331, -4424, 4434, -4527, 4537, -4630, 4640, -4733, 4743, -4836, 4846, -4939, 4949, -5042, 5052, -5145, 5155, -5248]
-5257 : [4, -99, 107, -202, 210, -305, 313, -408, -412, 416, -511, 519, -614, 622, -717, 725, -820, 828, -923, 931, -1026, 1034, -1129, 1137, -1232, 1240, -1335, 1343, -1438, 1446, -1541, 1549, -1644, 1652, -1747, 1755, -1850, 1858, -1953, 1961, -2056, 2064, -2159, 2167, -2262, 2270, -2365, 2373, -2468, 2476, -2571, 2579, -2674, 2682, -2777, 2785, -2880, 2888, -2983, 2991, -3086, 3094, -3189, 3197, -3292, 3300, -3395, 3403, -3498, 3506, -3601, 3609, -3704, 3712, -3807, 3815, -3910, 3918, -4013, 4021, -4116, 4124, -4219, 4227, -4322, 4330, -4425, 4433, -4528, 4536, -4631, 4639, -4734, 4742, -4837, 4845, -4940, 4948, -5043, 5051, -5146, 5154, -5249]
-5256 : [3, -100, 106, -203, 209, -306, -309, 312, -409, 415, -512, 518, -615, 621, -718, 724, -821, 827, -924, 930, -1027, 1033, -1130, 1136, -1233, 1239, -1336, 1342, -1439, 1445, -1542, 1548, -1645, 1651, -1748, 1754, -1851, 1857, -1954, 1960, -2057, 2063, -2160, 2166, -2263, 2269, -2366, 2372, -2469, 2475, -2572, 2578, -2675, 2681, -2778, 2784, -2881, 2887, -2984, 2990, -3087, 3093, -3190, 3196, -3293, 3299, -3396, 3402, -3499, 3505, -3602, 3608, -3705, 3711, -3808, 3814, -3911, 3917, -4014, 4020, -4117, 4123, -4220, 4226, -4323, 4329, -4426, 4432, -4529, 4535, -4632, 4638, -4735, 4741, -4838, 4844, -4941, 4947, -5044, 5050, -5147, 5153, -5250]
-5255 : [2, -101, 105, -204, -206, 208, -307, 311, -410, 414, -513, 517, -616, 620, -719, 723, -822, 826, -925, 929, -1028, 1032, -1131, 1135, -1234, 1238, -1337, 1341, -1440, 1444, -1543, 1547, -1646, 1650, -1749, 1753, -1852, 1856, -1955, 1959, -2058, 2062, -2161, 2165, -2264, 2268, -2367, 2371, -2470, 2474, -2573, 2577, -2676, 2680, -2779, 2783, -2882, 2886, -2985, 2989, -3088, 3092, -3191, 3195, -3294, 3298, -3397, 3401, -3500, 3504, -3603, 3607, -3706, 3710, -3809, 3813, -3912, 3916, -4015, 4019, -4118, 4122, -4221, 4225, -4324, 4328, -4427, 4431, -4530, 4534, -4633, 4637, -4736, 4740, -4839, 4843, -4942, 4946, -5045, 5049, -5148, 5152, -5251]
-5254 : [1, -102, -103, 104, -205, 207, -308, 310, -411, 413, -514, 516, -617, 619, -720, 722, -823, 825, -926, 928, -1029, 1031, -1132, 1134, -1235, 1237, -1338, 1340, -1441, 1443, -1544, 1546, -1647, 1649, -1750, 1752, -1853, 1855, -1956, 1958, -2059, 2061, -2162, 2164, -2265, 2267, -2368, 2370, -2471, 2473, -2574, 2576, -2677, 2679, -2780, 2782, -2883, 2885, -2986, 2988, -3089, 3091, -3192, 3194, -3295, 3297, -3398, 3400, -3501, 3503, -3604, 3606, -3707, 3709, -3810, 3812, -3913, 3915, -4016, 4018, -4119, 4121, -4222, 4224, -4325, 4327, -4428, 4430, -4531, 4533, -4634, 4636, -4737, 4739, -4840, 4842, -4943, 4945, -5046, 5048, -5149, 5151, -5252]
