m = 25

b = 0: [1, 0, 24, 0, 1656, 0, 185280, 0, 28377720, 0]

b = 1 :[1, 0, 0, 0, 0, 0, 0, 0, 0, 0]

b = 2 :[1, 0, 0, 0, 0, 0, 0, 0, 0, 0]

b = 3 :[1, 0, 0, 0, 0, 0, 0, 0, 0, 0]

b = 4 :[1, 0, 4, 0, 36, 0, 400, 0, 4900, 0]

b = 5 :[1, 0, 0, 0, 0, 0, 0, 0, 0, 0]

b = 6 :[1, 0, 0, 0, 0, 0, 0, 0, 0, 0]

b = 7 :[1, 0, 0, 0, 0, 0, 0, 0, 0, 0]

b = 8 :[1, 0, 4, 0, 36, 0, 400, 0, 4900, 0]

b = 9 :[1, 0, 0, 0, 0, 0, 0, 0, 0, 0]

b = 10 :[1, 0, 0, 0, 0, 0, 0, 0, 0, 0]

b = 11 :[1, 0, 0, 0, 0, 0, 0, 0, 0, 0]

b = 12 :[1, 0, 4, 0, 36, 0, 400, 0, 4900, 0]

b = 13 :[1, 0, 0, 0, 0, 0, 0, 0, 0, 0]

b = 14 :[1, 0, 0, 0, 0, 0, 0, 0, 0, 0]

b = 15 :[1, 0, 0, 0, 0, 0, 0, 0, 0, 0]

b = 16 :[1, 0, 4, 0, 36, 0, 400, 0, 4900]

b = 17 :[1, 0, 0, 0, 0, 0, 0, 0, 0]

b = 18 :[1, 0, 0, 0, 0, 0, 0, 0, 0]

b = 19 :[1, 0, 0, 0, 0, 0, 0, 0, 0]

Average Moment Stats
M = ['1.0', '0.0', '2', '0.0', '90', '0.0', '9344', '0.0', '1419866', '0.0']