m = 49

b = 0: [1, 0, 48, 0, 6768.0, 0, 1557120, 0]

b = 1: [1, 0, 0, 0, 0, 0, 0 ,0]

b = 2: [1, 0, 0, 0, 0, 0, 0, 0]

b = 3: [1, 0, 0, 0, 0, 0, 0, 0]

b = 4: [1, 0, 0, 0, 0, 0, 0, 0]

b = 5: [1, 0, 0, 0, 0, 0, 0, 0]

b = 6: [1, 0, 6, 0, 90, 0, 1860, 0]

b = 7: [1, 0, 0, 0, 0, 0, 0, 0]

b = 8: [1, 0, 0, 0, 0, 0, 0, 0]

b = 9: [1, 0, 0, 0, 0, 0, 0, 0]

b = 10: [1, 0, 0, 0, 0, 0, 0, 0]

b = 11: [1, 0, 0, 0, 0, 0, 0, 0]

b = 12: [1, 0, 6, 0, 90, 0, 1860, 0]

b = 13: [1, 0, 0, 0, 0, 0, 0, 0]

b = 14: [1, 0, 0, 0, 0, 0, 0, 0]

b = 15: [1, 0, 0, 0, 0, 0, 0, 0]

b = 16: [1, 0, 0, 0, 0, 0, 0, 0]

b = 17: [1, 0, 0, 0, 0, 0, 0, 0]

b = 18: [1, 0, 6, 0, 90, 0, 1860, 0]

b = 19: [1, 0, 0, 0, 0, 0, 0, 0]

b = 20: [1, 0, 0, 0, 0, 0, 0, 0]

b = 21: [1, 0, 0, 0, 0, 0, 0, 0]

b = 22: [1, 0, 0, 0, 0, 0, 0, 0]

b = 23: [1, 0, 0, 0, 0, 0, 0, 0]

b = 24: [1, 0, 6, 0, 90, 0, 1860, 0]

b = 25: [1, 0, 0, 0, 0, 0, 0, 0]

b = 26: [1, 0, 0, 0, 0, 0, 0, 0]

b = 27: [1, 0, 0, 0, 0, 0, 0, 0]

b = 28: [1, 0, 0, 0, 0, 0, 0, 0]

b = 29: [1, 0, 0, 0, 0, 0, 0, 0]

b = 30: [1, 0, 6, 0, 90, 0, 1860, 0]

b = 31: [1, 0, 0, 0, 0, 0, 0, 0]

b = 32: [1, 0, 0, 0, 0, 0, 0, 0]

b = 33: [1, 0, 0, 0, 0, 0, 0, 0]

b = 34: [1, 0, 0, 0, 0, 0, 0, 0]

b = 35: [1, 0, 0, 0, 0, 0, 0, 0]

b = 36: [1, 0, 6, 0, 90, 0, 1860, 0]

b = 37: [1, 0, 0, 0, 0, 0, 0, 0]

b = 38: [1, 0, 0, 0, 0, 0, 0, 0]

b = 39: [1, 0, 0, 0, 0, 0, 0, 0]

b = 40: [1, 0, 0, 0, 0, 0, 0, 0]

b = 41: [1, 0, 0, 0, 0, 0, 0, 0]

Average Moment Stats
['1.0', '0.0', '2', '0.0', '174.000000000000', '0.0', '37340.0', '0.0']