11449
-1 106 107 -108 213 -215 320 -322 427 -429 534 -536 641 -643 748 -750 855 -857 962 -964 1069 -1071 1176 -1178 1283 -1285 1390 -1392 1497 -1499 1604 -1606 1711 -1713 1818 -1820 1925 -1927 2032 -2034 2139 -2141 2246 -2248 2353 -2355 2460 -2462 2567 -2569 2674 -2676 2781 -2783 2888 -2890 2995 -2997 3102 -3104 3209 -3211 3316 -3318 3423 -3425 3530 -3532 3637 -3639 3744 -3746 3851 -3853 3958 -3960 4065 -4067 4172 -4174 4279 -4281 4386 -4388 4493 -4495 4600 -4602 4707 -4709 4814 -4816 4921 -4923 5028 -5030 5135 -5137 5242 -5244 5349 -5351 5456 -5458 5563 -5565 5670
-2 105 -109 212 214 -216 319 -323 426 -430 533 -537 640 -644 747 -751 854 -858 961 -965 1068 -1072 1175 -1179 1282 -1286 1389 -1393 1496 -1500 1603 -1607 1710 -1714 1817 -1821 1924 -1928 2031 -2035 2138 -2142 2245 -2249 2352 -2356 2459 -2463 2566 -2570 2673 -2677 2780 -2784 2887 -2891 2994 -2998 3101 -3105 3208 -3212 3315 -3319 3422 -3426 3529 -3533 3636 -3640 3743 -3747 3850 -3854 3957 -3961 4064 -4068 4171 -4175 4278 -4282 4385 -4389 4492 -4496 4599 -4603 4706 -4710 4813 -4817 4920 -4924 5027 -5031 5134 -5138 5241 -5245 5348 -5352 5455 -5459 5562 -5566 5669
-3 104 -110 211 -217 318 321 -324 425 -431 532 -538 639 -645 746 -752 853 -859 960 -966 1067 -1073 1174 -1180 1281 -1287 1388 -1394 1495 -1501 1602 -1608 1709 -1715 1816 -1822 1923 -1929 2030 -2036 2137 -2143 2244 -2250 2351 -2357 2458 -2464 2565 -2571 2672 -2678 2779 -2785 2886 -2892 2993 -2999 3100 -3106 3207 -3213 3314 -3320 3421 -3427 3528 -3534 3635 -3641 3742 -3748 3849 -3855 3956 -3962 4063 -4069 4170 -4176 4277 -4283 4384 -4390 4491 -4497 4598 -4604 4705 -4711 4812 -4818 4919 -4925 5026 -5032 5133 -5139 5240 -5246 5347 -5353 5454 -5460 5561 -5567 5668
-4 103 -111 210 -218 317 -325 424 428 -432 531 -539 638 -646 745 -753 852 -860 959 -967 1066 -1074 1173 -1181 1280 -1288 1387 -1395 1494 -1502 1601 -1609 1708 -1716 1815 -1823 1922 -1930 2029 -2037 2136 -2144 2243 -2251 2350 -2358 2457 -2465 2564 -2572 2671 -2679 2778 -2786 2885 -2893 2992 -3000 3099 -3107 3206 -3214 3313 -3321 3420 -3428 3527 -3535 3634 -3642 3741 -3749 3848 -3856 3955 -3963 4062 -4070 4169 -4177 4276 -4284 4383 -4391 4490 -4498 4597 -4605 4704 -4712 4811 -4819 4918 -4926 5025 -5033 5132 -5140 5239 -5247 5346 -5354 5453 -5461 5560 -5568 5667
-5 102 -112 209 -219 316 -326 423 -433 530 535 -540 637 -647 744 -754 851 -861 958 -968 1065 -1075 1172 -1182 1279 -1289 1386 -1396 1493 -1503 1600 -1610 1707 -1717 1814 -1824 1921 -1931 2028 -2038 2135 -2145 2242 -2252 2349 -2359 2456 -2466 2563 -2573 2670 -2680 2777 -2787 2884 -2894 2991 -3001 3098 -3108 3205 -3215 3312 -3322 3419 -3429 3526 -3536 3633 -3643 3740 -3750 3847 -3857 3954 -3964 4061 -4071 4168 -4178 4275 -4285 4382 -4392 4489 -4499 4596 -4606 4703 -4713 4810 -4820 4917 -4927 5024 -5034 5131 -5141 5238 -5248 5345 -5355 5452 -5462 5559 -5569 5666
-6 101 -113 208 -220 315 -327 422 -434 529 -541 636 642 -648 743 -755 850 -862 957 -969 1064 -1076 1171 -1183 1278 -1290 1385 -1397 1492 -1504 1599 -1611 1706 -1718 1813 -1825 1920 -1932 2027 -2039 2134 -2146 2241 -2253 2348 -2360 2455 -2467 2562 -2574 2669 -2681 2776 -2788 2883 -2895 2990 -3002 3097 -3109 3204 -3216 3311 -3323 3418 -3430 3525 -3537 3632 -3644 3739 -3751 3846 -3858 3953 -3965 4060 -4072 4167 -4179 4274 -4286 4381 -4393 4488 -4500 4595 -4607 4702 -4714 4809 -4821 4916 -4928 5023 -5035 5130 -5142 5237 -5249 5344 -5356 5451 -5463 5558 -5570 5665
-7 100 -114 207 -221 314 -328 421 -435 528 -542 635 -649 742 749 -756 849 -863 956 -970 1063 -1077 1170 -1184 1277 -1291 1384 -1398 1491 -1505 1598 -1612 1705 -1719 1812 -1826 1919 -1933 2026 -2040 2133 -2147 2240 -2254 2347 -2361 2454 -2468 2561 -2575 2668 -2682 2775 -2789 2882 -2896 2989 -3003 3096 -3110 3203 -3217 3310 -3324 3417 -3431 3524 -3538 3631 -3645 3738 -3752 3845 -3859 3952 -3966 4059 -4073 4166 -4180 4273 -4287 4380 -4394 4487 -4501 4594 -4608 4701 -4715 4808 -4822 4915 -4929 5022 -5036 5129 -5143 5236 -5250 5343 -5357 5450 -5464 5557 -5571 5664
-8 99 -115 206 -222 313 -329 420 -436 527 -543 634 -650 741 -757 848 856 -864 955 -971 1062 -1078 1169 -1185 1276 -1292 1383 -1399 1490 -1506 1597 -1613 1704 -1720 1811 -1827 1918 -1934 2025 -2041 2132 -2148 2239 -2255 2346 -2362 2453 -2469 2560 -2576 2667 -2683 2774 -2790 2881 -2897 2988 -3004 3095 -3111 3202 -3218 3309 -3325 3416 -3432 3523 -3539 3630 -3646 3737 -3753 3844 -3860 3951 -3967 4058 -4074 4165 -4181 4272 -4288 4379 -4395 4486 -4502 4593 -4609 4700 -4716 4807 -4823 4914 -4930 5021 -5037 5128 -5144 5235 -5251 5342 -5358 5449 -5465 5556 -5572 5663
-9 98 -116 205 -223 312 -330 419 -437 526 -544 633 -651 740 -758 847 -865 954 963 -972 1061 -1079 1168 -1186 1275 -1293 1382 -1400 1489 -1507 1596 -1614 1703 -1721 1810 -1828 1917 -1935 2024 -2042 2131 -2149 2238 -2256 2345 -2363 2452 -2470 2559 -2577 2666 -2684 2773 -2791 2880 -2898 2987 -3005 3094 -3112 3201 -3219 3308 -3326 3415 -3433 3522 -3540 3629 -3647 3736 -3754 3843 -3861 3950 -3968 4057 -4075 4164 -4182 4271 -4289 4378 -4396 4485 -4503 4592 -4610 4699 -4717 4806 -4824 4913 -4931 5020 -5038 5127 -5145 5234 -5252 5341 -5359 5448 -5466 5555 -5573 5662
-10 97 -117 204 -224 311 -331 418 -438 525 -545 632 -652 739 -759 846 -866 953 -973 1060 1070 -1080 1167 -1187 1274 -1294 1381 -1401 1488 -1508 1595 -1615 1702 -1722 1809 -1829 1916 -1936 2023 -2043 2130 -2150 2237 -2257 2344 -2364 2451 -2471 2558 -2578 2665 -2685 2772 -2792 2879 -2899 2986 -3006 3093 -3113 3200 -3220 3307 -3327 3414 -3434 3521 -3541 3628 -3648 3735 -3755 3842 -3862 3949 -3969 4056 -4076 4163 -4183 4270 -4290 4377 -4397 4484 -4504 4591 -4611 4698 -4718 4805 -4825 4912 -4932 5019 -5039 5126 -5146 5233 -5253 5340 -5360 5447 -5467 5554 -5574 5661
-11 96 -118 203 -225 310 -332 417 -439 524 -546 631 -653 738 -760 845 -867 952 -974 1059 -1081 1166 1177 -1188 1273 -1295 1380 -1402 1487 -1509 1594 -1616 1701 -1723 1808 -1830 1915 -1937 2022 -2044 2129 -2151 2236 -2258 2343 -2365 2450 -2472 2557 -2579 2664 -2686 2771 -2793 2878 -2900 2985 -3007 3092 -3114 3199 -3221 3306 -3328 3413 -3435 3520 -3542 3627 -3649 3734 -3756 3841 -3863 3948 -3970 4055 -4077 4162 -4184 4269 -4291 4376 -4398 4483 -4505 4590 -4612 4697 -4719 4804 -4826 4911 -4933 5018 -5040 5125 -5147 5232 -5254 5339 -5361 5446 -5468 5553 -5575 5660
-12 95 -119 202 -226 309 -333 416 -440 523 -547 630 -654 737 -761 844 -868 951 -975 1058 -1082 1165 -1189 1272 1284 -1296 1379 -1403 1486 -1510 1593 -1617 1700 -1724 1807 -1831 1914 -1938 2021 -2045 2128 -2152 2235 -2259 2342 -2366 2449 -2473 2556 -2580 2663 -2687 2770 -2794 2877 -2901 2984 -3008 3091 -3115 3198 -3222 3305 -3329 3412 -3436 3519 -3543 3626 -3650 3733 -3757 3840 -3864 3947 -3971 4054 -4078 4161 -4185 4268 -4292 4375 -4399 4482 -4506 4589 -4613 4696 -4720 4803 -4827 4910 -4934 5017 -5041 5124 -5148 5231 -5255 5338 -5362 5445 -5469 5552 -5576 5659
-13 94 -120 201 -227 308 -334 415 -441 522 -548 629 -655 736 -762 843 -869 950 -976 1057 -1083 1164 -1190 1271 -1297 1378 1391 -1404 1485 -1511 1592 -1618 1699 -1725 1806 -1832 1913 -1939 2020 -2046 2127 -2153 2234 -2260 2341 -2367 2448 -2474 2555 -2581 2662 -2688 2769 -2795 2876 -2902 2983 -3009 3090 -3116 3197 -3223 3304 -3330 3411 -3437 3518 -3544 3625 -3651 3732 -3758 3839 -3865 3946 -3972 4053 -4079 4160 -4186 4267 -4293 4374 -4400 4481 -4507 4588 -4614 4695 -4721 4802 -4828 4909 -4935 5016 -5042 5123 -5149 5230 -5256 5337 -5363 5444 -5470 5551 -5577 5658
-14 93 -121 200 -228 307 -335 414 -442 521 -549 628 -656 735 -763 842 -870 949 -977 1056 -1084 1163 -1191 1270 -1298 1377 -1405 1484 1498 -1512 1591 -1619 1698 -1726 1805 -1833 1912 -1940 2019 -2047 2126 -2154 2233 -2261 2340 -2368 2447 -2475 2554 -2582 2661 -2689 2768 -2796 2875 -2903 2982 -3010 3089 -3117 3196 -3224 3303 -3331 3410 -3438 3517 -3545 3624 -3652 3731 -3759 3838 -3866 3945 -3973 4052 -4080 4159 -4187 4266 -4294 4373 -4401 4480 -4508 4587 -4615 4694 -4722 4801 -4829 4908 -4936 5015 -5043 5122 -5150 5229 -5257 5336 -5364 5443 -5471 5550 -5578 5657
-15 92 -122 199 -229 306 -336 413 -443 520 -550 627 -657 734 -764 841 -871 948 -978 1055 -1085 1162 -1192 1269 -1299 1376 -1406 1483 -1513 1590 1605 -1620 1697 -1727 1804 -1834 1911 -1941 2018 -2048 2125 -2155 2232 -2262 2339 -2369 2446 -2476 2553 -2583 2660 -2690 2767 -2797 2874 -2904 2981 -3011 3088 -3118 3195 -3225 3302 -3332 3409 -3439 3516 -3546 3623 -3653 3730 -3760 3837 -3867 3944 -3974 4051 -4081 4158 -4188 4265 -4295 4372 -4402 4479 -4509 4586 -4616 4693 -4723 4800 -4830 4907 -4937 5014 -5044 5121 -5151 5228 -5258 5335 -5365 5442 -5472 5549 -5579 5656
-16 91 -123 198 -230 305 -337 412 -444 519 -551 626 -658 733 -765 840 -872 947 -979 1054 -1086 1161 -1193 1268 -1300 1375 -1407 1482 -1514 1589 -1621 1696 1712 -1728 1803 -1835 1910 -1942 2017 -2049 2124 -2156 2231 -2263 2338 -2370 2445 -2477 2552 -2584 2659 -2691 2766 -2798 2873 -2905 2980 -3012 3087 -3119 3194 -3226 3301 -3333 3408 -3440 3515 -3547 3622 -3654 3729 -3761 3836 -3868 3943 -3975 4050 -4082 4157 -4189 4264 -4296 4371 -4403 4478 -4510 4585 -4617 4692 -4724 4799 -4831 4906 -4938 5013 -5045 5120 -5152 5227 -5259 5334 -5366 5441 -5473 5548 -5580 5655
-17 90 -124 197 -231 304 -338 411 -445 518 -552 625 -659 732 -766 839 -873 946 -980 1053 -1087 1160 -1194 1267 -1301 1374 -1408 1481 -1515 1588 -1622 1695 -1729 1802 1819 -1836 1909 -1943 2016 -2050 2123 -2157 2230 -2264 2337 -2371 2444 -2478 2551 -2585 2658 -2692 2765 -2799 2872 -2906 2979 -3013 3086 -3120 3193 -3227 3300 -3334 3407 -3441 3514 -3548 3621 -3655 3728 -3762 3835 -3869 3942 -3976 4049 -4083 4156 -4190 4263 -4297 4370 -4404 4477 -4511 4584 -4618 4691 -4725 4798 -4832 4905 -4939 5012 -5046 5119 -5153 5226 -5260 5333 -5367 5440 -5474 5547 -5581 5654
-18 89 -125 196 -232 303 -339 410 -446 517 -553 624 -660 731 -767 838 -874 945 -981 1052 -1088 1159 -1195 1266 -1302 1373 -1409 1480 -1516 1587 -1623 1694 -1730 1801 -1837 1908 1926 -1944 2015 -2051 2122 -2158 2229 -2265 2336 -2372 2443 -2479 2550 -2586 2657 -2693 2764 -2800 2871 -2907 2978 -3014 3085 -3121 3192 -3228 3299 -3335 3406 -3442 3513 -3549 3620 -3656 3727 -3763 3834 -3870 3941 -3977 4048 -4084 4155 -4191 4262 -4298 4369 -4405 4476 -4512 4583 -4619 4690 -4726 4797 -4833 4904 -4940 5011 -5047 5118 -5154 5225 -5261 5332 -5368 5439 -5475 5546 -5582 5653
-19 88 -126 195 -233 302 -340 409 -447 516 -554 623 -661 730 -768 837 -875 944 -982 1051 -1089 1158 -1196 1265 -1303 1372 -1410 1479 -1517 1586 -1624 1693 -1731 1800 -1838 1907 -1945 2014 2033 -2052 2121 -2159 2228 -2266 2335 -2373 2442 -2480 2549 -2587 2656 -2694 2763 -2801 2870 -2908 2977 -3015 3084 -3122 3191 -3229 3298 -3336 3405 -3443 3512 -3550 3619 -3657 3726 -3764 3833 -3871 3940 -3978 4047 -4085 4154 -4192 4261 -4299 4368 -4406 4475 -4513 4582 -4620 4689 -4727 4796 -4834 4903 -4941 5010 -5048 5117 -5155 5224 -5262 5331 -5369 5438 -5476 5545 -5583 5652
-20 87 -127 194 -234 301 -341 408 -448 515 -555 622 -662 729 -769 836 -876 943 -983 1050 -1090 1157 -1197 1264 -1304 1371 -1411 1478 -1518 1585 -1625 1692 -1732 1799 -1839 1906 -1946 2013 -2053 2120 2140 -2160 2227 -2267 2334 -2374 2441 -2481 2548 -2588 2655 -2695 2762 -2802 2869 -2909 2976 -3016 3083 -3123 3190 -3230 3297 -3337 3404 -3444 3511 -3551 3618 -3658 3725 -3765 3832 -3872 3939 -3979 4046 -4086 4153 -4193 4260 -4300 4367 -4407 4474 -4514 4581 -4621 4688 -4728 4795 -4835 4902 -4942 5009 -5049 5116 -5156 5223 -5263 5330 -5370 5437 -5477 5544 -5584 5651
-21 86 -128 193 -235 300 -342 407 -449 514 -556 621 -663 728 -770 835 -877 942 -984 1049 -1091 1156 -1198 1263 -1305 1370 -1412 1477 -1519 1584 -1626 1691 -1733 1798 -1840 1905 -1947 2012 -2054 2119 -2161 2226 2247 -2268 2333 -2375 2440 -2482 2547 -2589 2654 -2696 2761 -2803 2868 -2910 2975 -3017 3082 -3124 3189 -3231 3296 -3338 3403 -3445 3510 -3552 3617 -3659 3724 -3766 3831 -3873 3938 -3980 4045 -4087 4152 -4194 4259 -4301 4366 -4408 4473 -4515 4580 -4622 4687 -4729 4794 -4836 4901 -4943 5008 -5050 5115 -5157 5222 -5264 5329 -5371 5436 -5478 5543 -5585 5650
-22 85 -129 192 -236 299 -343 406 -450 513 -557 620 -664 727 -771 834 -878 941 -985 1048 -1092 1155 -1199 1262 -1306 1369 -1413 1476 -1520 1583 -1627 1690 -1734 1797 -1841 1904 -1948 2011 -2055 2118 -2162 2225 -2269 2332 2354 -2376 2439 -2483 2546 -2590 2653 -2697 2760 -2804 2867 -2911 2974 -3018 3081 -3125 3188 -3232 3295 -3339 3402 -3446 3509 -3553 3616 -3660 3723 -3767 3830 -3874 3937 -3981 4044 -4088 4151 -4195 4258 -4302 4365 -4409 4472 -4516 4579 -4623 4686 -4730 4793 -4837 4900 -4944 5007 -5051 5114 -5158 5221 -5265 5328 -5372 5435 -5479 5542 -5586 5649
-23 84 -130 191 -237 298 -344 405 -451 512 -558 619 -665 726 -772 833 -879 940 -986 1047 -1093 1154 -1200 1261 -1307 1368 -1414 1475 -1521 1582 -1628 1689 -1735 1796 -1842 1903 -1949 2010 -2056 2117 -2163 2224 -2270 2331 -2377 2438 2461 -2484 2545 -2591 2652 -2698 2759 -2805 2866 -2912 2973 -3019 3080 -3126 3187 -3233 3294 -3340 3401 -3447 3508 -3554 3615 -3661 3722 -3768 3829 -3875 3936 -3982 4043 -4089 4150 -4196 4257 -4303 4364 -4410 4471 -4517 4578 -4624 4685 -4731 4792 -4838 4899 -4945 5006 -5052 5113 -5159 5220 -5266 5327 -5373 5434 -5480 5541 -5587 5648
-24 83 -131 190 -238 297 -345 404 -452 511 -559 618 -666 725 -773 832 -880 939 -987 1046 -1094 1153 -1201 1260 -1308 1367 -1415 1474 -1522 1581 -1629 1688 -1736 1795 -1843 1902 -1950 2009 -2057 2116 -2164 2223 -2271 2330 -2378 2437 -2485 2544 2568 -2592 2651 -2699 2758 -2806 2865 -2913 2972 -3020 3079 -3127 3186 -3234 3293 -3341 3400 -3448 3507 -3555 3614 -3662 3721 -3769 3828 -3876 3935 -3983 4042 -4090 4149 -4197 4256 -4304 4363 -4411 4470 -4518 4577 -4625 4684 -4732 4791 -4839 4898 -4946 5005 -5053 5112 -5160 5219 -5267 5326 -5374 5433 -5481 5540 -5588 5647
-25 82 -132 189 -239 296 -346 403 -453 510 -560 617 -667 724 -774 831 -881 938 -988 1045 -1095 1152 -1202 1259 -1309 1366 -1416 1473 -1523 1580 -1630 1687 -1737 1794 -1844 1901 -1951 2008 -2058 2115 -2165 2222 -2272 2329 -2379 2436 -2486 2543 -2593 2650 2675 -2700 2757 -2807 2864 -2914 2971 -3021 3078 -3128 3185 -3235 3292 -3342 3399 -3449 3506 -3556 3613 -3663 3720 -3770 3827 -3877 3934 -3984 4041 -4091 4148 -4198 4255 -4305 4362 -4412 4469 -4519 4576 -4626 4683 -4733 4790 -4840 4897 -4947 5004 -5054 5111 -5161 5218 -5268 5325 -5375 5432 -5482 5539 -5589 5646
-26 81 -133 188 -240 295 -347 402 -454 509 -561 616 -668 723 -775 830 -882 937 -989 1044 -1096 1151 -1203 1258 -1310 1365 -1417 1472 -1524 1579 -1631 1686 -1738 1793 -1845 1900 -1952 2007 -2059 2114 -2166 2221 -2273 2328 -2380 2435 -2487 2542 -2594 2649 -2701 2756 2782 -2808 2863 -2915 2970 -3022 3077 -3129 3184 -3236 3291 -3343 3398 -3450 3505 -3557 3612 -3664 3719 -3771 3826 -3878 3933 -3985 4040 -4092 4147 -4199 4254 -4306 4361 -4413 4468 -4520 4575 -4627 4682 -4734 4789 -4841 4896 -4948 5003 -5055 5110 -5162 5217 -5269 5324 -5376 5431 -5483 5538 -5590 5645
-27 80 -134 187 -241 294 -348 401 -455 508 -562 615 -669 722 -776 829 -883 936 -990 1043 -1097 1150 -1204 1257 -1311 1364 -1418 1471 -1525 1578 -1632 1685 -1739 1792 -1846 1899 -1953 2006 -2060 2113 -2167 2220 -2274 2327 -2381 2434 -2488 2541 -2595 2648 -2702 2755 -2809 2862 2889 -2916 2969 -3023 3076 -3130 3183 -3237 3290 -3344 3397 -3451 3504 -3558 3611 -3665 3718 -3772 3825 -3879 3932 -3986 4039 -4093 4146 -4200 4253 -4307 4360 -4414 4467 -4521 4574 -4628 4681 -4735 4788 -4842 4895 -4949 5002 -5056 5109 -5163 5216 -5270 5323 -5377 5430 -5484 5537 -5591 5644
-28 79 -135 186 -242 293 -349 400 -456 507 -563 614 -670 721 -777 828 -884 935 -991 1042 -1098 1149 -1205 1256 -1312 1363 -1419 1470 -1526 1577 -1633 1684 -1740 1791 -1847 1898 -1954 2005 -2061 2112 -2168 2219 -2275 2326 -2382 2433 -2489 2540 -2596 2647 -2703 2754 -2810 2861 -2917 2968 2996 -3024 3075 -3131 3182 -3238 3289 -3345 3396 -3452 3503 -3559 3610 -3666 3717 -3773 3824 -3880 3931 -3987 4038 -4094 4145 -4201 4252 -4308 4359 -4415 4466 -4522 4573 -4629 4680 -4736 4787 -4843 4894 -4950 5001 -5057 5108 -5164 5215 -5271 5322 -5378 5429 -5485 5536 -5592 5643
-29 78 -136 185 -243 292 -350 399 -457 506 -564 613 -671 720 -778 827 -885 934 -992 1041 -1099 1148 -1206 1255 -1313 1362 -1420 1469 -1527 1576 -1634 1683 -1741 1790 -1848 1897 -1955 2004 -2062 2111 -2169 2218 -2276 2325 -2383 2432 -2490 2539 -2597 2646 -2704 2753 -2811 2860 -2918 2967 -3025 3074 3103 -3132 3181 -3239 3288 -3346 3395 -3453 3502 -3560 3609 -3667 3716 -3774 3823 -3881 3930 -3988 4037 -4095 4144 -4202 4251 -4309 4358 -4416 4465 -4523 4572 -4630 4679 -4737 4786 -4844 4893 -4951 5000 -5058 5107 -5165 5214 -5272 5321 -5379 5428 -5486 5535 -5593 5642
-30 77 -137 184 -244 291 -351 398 -458 505 -565 612 -672 719 -779 826 -886 933 -993 1040 -1100 1147 -1207 1254 -1314 1361 -1421 1468 -1528 1575 -1635 1682 -1742 1789 -1849 1896 -1956 2003 -2063 2110 -2170 2217 -2277 2324 -2384 2431 -2491 2538 -2598 2645 -2705 2752 -2812 2859 -2919 2966 -3026 3073 -3133 3180 3210 -3240 3287 -3347 3394 -3454 3501 -3561 3608 -3668 3715 -3775 3822 -3882 3929 -3989 4036 -4096 4143 -4203 4250 -4310 4357 -4417 4464 -4524 4571 -4631 4678 -4738 4785 -4845 4892 -4952 4999 -5059 5106 -5166 5213 -5273 5320 -5380 5427 -5487 5534 -5594 5641
-31 76 -138 183 -245 290 -352 397 -459 504 -566 611 -673 718 -780 825 -887 932 -994 1039 -1101 1146 -1208 1253 -1315 1360 -1422 1467 -1529 1574 -1636 1681 -1743 1788 -1850 1895 -1957 2002 -2064 2109 -2171 2216 -2278 2323 -2385 2430 -2492 2537 -2599 2644 -2706 2751 -2813 2858 -2920 2965 -3027 3072 -3134 3179 -3241 3286 3317 -3348 3393 -3455 3500 -3562 3607 -3669 3714 -3776 3821 -3883 3928 -3990 4035 -4097 4142 -4204 4249 -4311 4356 -4418 4463 -4525 4570 -4632 4677 -4739 4784 -4846 4891 -4953 4998 -5060 5105 -5167 5212 -5274 5319 -5381 5426 -5488 5533 -5595 5640
-32 75 -139 182 -246 289 -353 396 -460 503 -567 610 -674 717 -781 824 -888 931 -995 1038 -1102 1145 -1209 1252 -1316 1359 -1423 1466 -1530 1573 -1637 1680 -1744 1787 -1851 1894 -1958 2001 -2065 2108 -2172 2215 -2279 2322 -2386 2429 -2493 2536 -2600 2643 -2707 2750 -2814 2857 -2921 2964 -3028 3071 -3135 3178 -3242 3285 -3349 3392 3424 -3456 3499 -3563 3606 -3670 3713 -3777 3820 -3884 3927 -3991 4034 -4098 4141 -4205 4248 -4312 4355 -4419 4462 -4526 4569 -4633 4676 -4740 4783 -4847 4890 -4954 4997 -5061 5104 -5168 5211 -5275 5318 -5382 5425 -5489 5532 -5596 5639
-33 74 -140 181 -247 288 -354 395 -461 502 -568 609 -675 716 -782 823 -889 930 -996 1037 -1103 1144 -1210 1251 -1317 1358 -1424 1465 -1531 1572 -1638 1679 -1745 1786 -1852 1893 -1959 2000 -2066 2107 -2173 2214 -2280 2321 -2387 2428 -2494 2535 -2601 2642 -2708 2749 -2815 2856 -2922 2963 -3029 3070 -3136 3177 -3243 3284 -3350 3391 -3457 3498 3531 -3564 3605 -3671 3712 -3778 3819 -3885 3926 -3992 4033 -4099 4140 -4206 4247 -4313 4354 -4420 4461 -4527 4568 -4634 4675 -4741 4782 -4848 4889 -4955 4996 -5062 5103 -5169 5210 -5276 5317 -5383 5424 -5490 5531 -5597 5638
-34 73 -141 180 -248 287 -355 394 -462 501 -569 608 -676 715 -783 822 -890 929 -997 1036 -1104 1143 -1211 1250 -1318 1357 -1425 1464 -1532 1571 -1639 1678 -1746 1785 -1853 1892 -1960 1999 -2067 2106 -2174 2213 -2281 2320 -2388 2427 -2495 2534 -2602 2641 -2709 2748 -2816 2855 -2923 2962 -3030 3069 -3137 3176 -3244 3283 -3351 3390 -3458 3497 -3565 3604 3638 -3672 3711 -3779 3818 -3886 3925 -3993 4032 -4100 4139 -4207 4246 -4314 4353 -4421 4460 -4528 4567 -4635 4674 -4742 4781 -4849 4888 -4956 4995 -5063 5102 -5170 5209 -5277 5316 -5384 5423 -5491 5530 -5598 5637
-35 72 -142 179 -249 286 -356 393 -463 500 -570 607 -677 714 -784 821 -891 928 -998 1035 -1105 1142 -1212 1249 -1319 1356 -1426 1463 -1533 1570 -1640 1677 -1747 1784 -1854 1891 -1961 1998 -2068 2105 -2175 2212 -2282 2319 -2389 2426 -2496 2533 -2603 2640 -2710 2747 -2817 2854 -2924 2961 -3031 3068 -3138 3175 -3245 3282 -3352 3389 -3459 3496 -3566 3603 -3673 3710 3745 -3780 3817 -3887 3924 -3994 4031 -4101 4138 -4208 4245 -4315 4352 -4422 4459 -4529 4566 -4636 4673 -4743 4780 -4850 4887 -4957 4994 -5064 5101 -5171 5208 -5278 5315 -5385 5422 -5492 5529 -5599 5636
-36 71 -143 178 -250 285 -357 392 -464 499 -571 606 -678 713 -785 820 -892 927 -999 1034 -1106 1141 -1213 1248 -1320 1355 -1427 1462 -1534 1569 -1641 1676 -1748 1783 -1855 1890 -1962 1997 -2069 2104 -2176 2211 -2283 2318 -2390 2425 -2497 2532 -2604 2639 -2711 2746 -2818 2853 -2925 2960 -3032 3067 -3139 3174 -3246 3281 -3353 3388 -3460 3495 -3567 3602 -3674 3709 -3781 3816 3852 -3888 3923 -3995 4030 -4102 4137 -4209 4244 -4316 4351 -4423 4458 -4530 4565 -4637 4672 -4744 4779 -4851 4886 -4958 4993 -5065 5100 -5172 5207 -5279 5314 -5386 5421 -5493 5528 -5600 5635
-37 70 -144 177 -251 284 -358 391 -465 498 -572 605 -679 712 -786 819 -893 926 -1000 1033 -1107 1140 -1214 1247 -1321 1354 -1428 1461 -1535 1568 -1642 1675 -1749 1782 -1856 1889 -1963 1996 -2070 2103 -2177 2210 -2284 2317 -2391 2424 -2498 2531 -2605 2638 -2712 2745 -2819 2852 -2926 2959 -3033 3066 -3140 3173 -3247 3280 -3354 3387 -3461 3494 -3568 3601 -3675 3708 -3782 3815 -3889 3922 3959 -3996 4029 -4103 4136 -4210 4243 -4317 4350 -4424 4457 -4531 4564 -4638 4671 -4745 4778 -4852 4885 -4959 4992 -5066 5099 -5173 5206 -5280 5313 -5387 5420 -5494 5527 -5601 5634
-38 69 -145 176 -252 283 -359 390 -466 497 -573 604 -680 711 -787 818 -894 925 -1001 1032 -1108 1139 -1215 1246 -1322 1353 -1429 1460 -1536 1567 -1643 1674 -1750 1781 -1857 1888 -1964 1995 -2071 2102 -2178 2209 -2285 2316 -2392 2423 -2499 2530 -2606 2637 -2713 2744 -2820 2851 -2927 2958 -3034 3065 -3141 3172 -3248 3279 -3355 3386 -3462 3493 -3569 3600 -3676 3707 -3783 3814 -3890 3921 -3997 4028 4066 -4104 4135 -4211 4242 -4318 4349 -4425 4456 -4532 4563 -4639 4670 -4746 4777 -4853 4884 -4960 4991 -5067 5098 -5174 5205 -5281 5312 -5388 5419 -5495 5526 -5602 5633
-39 68 -146 175 -253 282 -360 389 -467 496 -574 603 -681 710 -788 817 -895 924 -1002 1031 -1109 1138 -1216 1245 -1323 1352 -1430 1459 -1537 1566 -1644 1673 -1751 1780 -1858 1887 -1965 1994 -2072 2101 -2179 2208 -2286 2315 -2393 2422 -2500 2529 -2607 2636 -2714 2743 -2821 2850 -2928 2957 -3035 3064 -3142 3171 -3249 3278 -3356 3385 -3463 3492 -3570 3599 -3677 3706 -3784 3813 -3891 3920 -3998 4027 -4105 4134 4173 -4212 4241 -4319 4348 -4426 4455 -4533 4562 -4640 4669 -4747 4776 -4854 4883 -4961 4990 -5068 5097 -5175 5204 -5282 5311 -5389 5418 -5496 5525 -5603 5632
-40 67 -147 174 -254 281 -361 388 -468 495 -575 602 -682 709 -789 816 -896 923 -1003 1030 -1110 1137 -1217 1244 -1324 1351 -1431 1458 -1538 1565 -1645 1672 -1752 1779 -1859 1886 -1966 1993 -2073 2100 -2180 2207 -2287 2314 -2394 2421 -2501 2528 -2608 2635 -2715 2742 -2822 2849 -2929 2956 -3036 3063 -3143 3170 -3250 3277 -3357 3384 -3464 3491 -3571 3598 -3678 3705 -3785 3812 -3892 3919 -3999 4026 -4106 4133 -4213 4240 4280 -4320 4347 -4427 4454 -4534 4561 -4641 4668 -4748 4775 -4855 4882 -4962 4989 -5069 5096 -5176 5203 -5283 5310 -5390 5417 -5497 5524 -5604 5631
-41 66 -148 173 -255 280 -362 387 -469 494 -576 601 -683 708 -790 815 -897 922 -1004 1029 -1111 1136 -1218 1243 -1325 1350 -1432 1457 -1539 1564 -1646 1671 -1753 1778 -1860 1885 -1967 1992 -2074 2099 -2181 2206 -2288 2313 -2395 2420 -2502 2527 -2609 2634 -2716 2741 -2823 2848 -2930 2955 -3037 3062 -3144 3169 -3251 3276 -3358 3383 -3465 3490 -3572 3597 -3679 3704 -3786 3811 -3893 3918 -4000 4025 -4107 4132 -4214 4239 -4321 4346 4387 -4428 4453 -4535 4560 -4642 4667 -4749 4774 -4856 4881 -4963 4988 -5070 5095 -5177 5202 -5284 5309 -5391 5416 -5498 5523 -5605 5630
-42 65 -149 172 -256 279 -363 386 -470 493 -577 600 -684 707 -791 814 -898 921 -1005 1028 -1112 1135 -1219 1242 -1326 1349 -1433 1456 -1540 1563 -1647 1670 -1754 1777 -1861 1884 -1968 1991 -2075 2098 -2182 2205 -2289 2312 -2396 2419 -2503 2526 -2610 2633 -2717 2740 -2824 2847 -2931 2954 -3038 3061 -3145 3168 -3252 3275 -3359 3382 -3466 3489 -3573 3596 -3680 3703 -3787 3810 -3894 3917 -4001 4024 -4108 4131 -4215 4238 -4322 4345 -4429 4452 4494 -4536 4559 -4643 4666 -4750 4773 -4857 4880 -4964 4987 -5071 5094 -5178 5201 -5285 5308 -5392 5415 -5499 5522 -5606 5629
-43 64 -150 171 -257 278 -364 385 -471 492 -578 599 -685 706 -792 813 -899 920 -1006 1027 -1113 1134 -1220 1241 -1327 1348 -1434 1455 -1541 1562 -1648 1669 -1755 1776 -1862 1883 -1969 1990 -2076 2097 -2183 2204 -2290 2311 -2397 2418 -2504 2525 -2611 2632 -2718 2739 -2825 2846 -2932 2953 -3039 3060 -3146 3167 -3253 3274 -3360 3381 -3467 3488 -3574 3595 -3681 3702 -3788 3809 -3895 3916 -4002 4023 -4109 4130 -4216 4237 -4323 4344 -4430 4451 -4537 4558 4601 -4644 4665 -4751 4772 -4858 4879 -4965 4986 -5072 5093 -5179 5200 -5286 5307 -5393 5414 -5500 5521 -5607 5628
-44 63 -151 170 -258 277 -365 384 -472 491 -579 598 -686 705 -793 812 -900 919 -1007 1026 -1114 1133 -1221 1240 -1328 1347 -1435 1454 -1542 1561 -1649 1668 -1756 1775 -1863 1882 -1970 1989 -2077 2096 -2184 2203 -2291 2310 -2398 2417 -2505 2524 -2612 2631 -2719 2738 -2826 2845 -2933 2952 -3040 3059 -3147 3166 -3254 3273 -3361 3380 -3468 3487 -3575 3594 -3682 3701 -3789 3808 -3896 3915 -4003 4022 -4110 4129 -4217 4236 -4324 4343 -4431 4450 -4538 4557 -4645 4664 4708 -4752 4771 -4859 4878 -4966 4985 -5073 5092 -5180 5199 -5287 5306 -5394 5413 -5501 5520 -5608 5627
-45 62 -152 169 -259 276 -366 383 -473 490 -580 597 -687 704 -794 811 -901 918 -1008 1025 -1115 1132 -1222 1239 -1329 1346 -1436 1453 -1543 1560 -1650 1667 -1757 1774 -1864 1881 -1971 1988 -2078 2095 -2185 2202 -2292 2309 -2399 2416 -2506 2523 -2613 2630 -2720 2737 -2827 2844 -2934 2951 -3041 3058 -3148 3165 -3255 3272 -3362 3379 -3469 3486 -3576 3593 -3683 3700 -3790 3807 -3897 3914 -4004 4021 -4111 4128 -4218 4235 -4325 4342 -4432 4449 -4539 4556 -4646 4663 -4753 4770 4815 -4860 4877 -4967 4984 -5074 5091 -5181 5198 -5288 5305 -5395 5412 -5502 5519 -5609 5626
-46 61 -153 168 -260 275 -367 382 -474 489 -581 596 -688 703 -795 810 -902 917 -1009 1024 -1116 1131 -1223 1238 -1330 1345 -1437 1452 -1544 1559 -1651 1666 -1758 1773 -1865 1880 -1972 1987 -2079 2094 -2186 2201 -2293 2308 -2400 2415 -2507 2522 -2614 2629 -2721 2736 -2828 2843 -2935 2950 -3042 3057 -3149 3164 -3256 3271 -3363 3378 -3470 3485 -3577 3592 -3684 3699 -3791 3806 -3898 3913 -4005 4020 -4112 4127 -4219 4234 -4326 4341 -4433 4448 -4540 4555 -4647 4662 -4754 4769 -4861 4876 4922 -4968 4983 -5075 5090 -5182 5197 -5289 5304 -5396 5411 -5503 5518 -5610 5625
-47 60 -154 167 -261 274 -368 381 -475 488 -582 595 -689 702 -796 809 -903 916 -1010 1023 -1117 1130 -1224 1237 -1331 1344 -1438 1451 -1545 1558 -1652 1665 -1759 1772 -1866 1879 -1973 1986 -2080 2093 -2187 2200 -2294 2307 -2401 2414 -2508 2521 -2615 2628 -2722 2735 -2829 2842 -2936 2949 -3043 3056 -3150 3163 -3257 3270 -3364 3377 -3471 3484 -3578 3591 -3685 3698 -3792 3805 -3899 3912 -4006 4019 -4113 4126 -4220 4233 -4327 4340 -4434 4447 -4541 4554 -4648 4661 -4755 4768 -4862 4875 -4969 4982 5029 -5076 5089 -5183 5196 -5290 5303 -5397 5410 -5504 5517 -5611 5624
-48 59 -155 166 -262 273 -369 380 -476 487 -583 594 -690 701 -797 808 -904 915 -1011 1022 -1118 1129 -1225 1236 -1332 1343 -1439 1450 -1546 1557 -1653 1664 -1760 1771 -1867 1878 -1974 1985 -2081 2092 -2188 2199 -2295 2306 -2402 2413 -2509 2520 -2616 2627 -2723 2734 -2830 2841 -2937 2948 -3044 3055 -3151 3162 -3258 3269 -3365 3376 -3472 3483 -3579 3590 -3686 3697 -3793 3804 -3900 3911 -4007 4018 -4114 4125 -4221 4232 -4328 4339 -4435 4446 -4542 4553 -4649 4660 -4756 4767 -4863 4874 -4970 4981 -5077 5088 5136 -5184 5195 -5291 5302 -5398 5409 -5505 5516 -5612 5623
-49 58 -156 165 -263 272 -370 379 -477 486 -584 593 -691 700 -798 807 -905 914 -1012 1021 -1119 1128 -1226 1235 -1333 1342 -1440 1449 -1547 1556 -1654 1663 -1761 1770 -1868 1877 -1975 1984 -2082 2091 -2189 2198 -2296 2305 -2403 2412 -2510 2519 -2617 2626 -2724 2733 -2831 2840 -2938 2947 -3045 3054 -3152 3161 -3259 3268 -3366 3375 -3473 3482 -3580 3589 -3687 3696 -3794 3803 -3901 3910 -4008 4017 -4115 4124 -4222 4231 -4329 4338 -4436 4445 -4543 4552 -4650 4659 -4757 4766 -4864 4873 -4971 4980 -5078 5087 -5185 5194 5243 -5292 5301 -5399 5408 -5506 5515 -5613 5622
-50 57 -157 164 -264 271 -371 378 -478 485 -585 592 -692 699 -799 806 -906 913 -1013 1020 -1120 1127 -1227 1234 -1334 1341 -1441 1448 -1548 1555 -1655 1662 -1762 1769 -1869 1876 -1976 1983 -2083 2090 -2190 2197 -2297 2304 -2404 2411 -2511 2518 -2618 2625 -2725 2732 -2832 2839 -2939 2946 -3046 3053 -3153 3160 -3260 3267 -3367 3374 -3474 3481 -3581 3588 -3688 3695 -3795 3802 -3902 3909 -4009 4016 -4116 4123 -4223 4230 -4330 4337 -4437 4444 -4544 4551 -4651 4658 -4758 4765 -4865 4872 -4972 4979 -5079 5086 -5186 5193 -5293 5300 5350 -5400 5407 -5507 5514 -5614 5621
-51 56 -158 163 -265 270 -372 377 -479 484 -586 591 -693 698 -800 805 -907 912 -1014 1019 -1121 1126 -1228 1233 -1335 1340 -1442 1447 -1549 1554 -1656 1661 -1763 1768 -1870 1875 -1977 1982 -2084 2089 -2191 2196 -2298 2303 -2405 2410 -2512 2517 -2619 2624 -2726 2731 -2833 2838 -2940 2945 -3047 3052 -3154 3159 -3261 3266 -3368 3373 -3475 3480 -3582 3587 -3689 3694 -3796 3801 -3903 3908 -4010 4015 -4117 4122 -4224 4229 -4331 4336 -4438 4443 -4545 4550 -4652 4657 -4759 4764 -4866 4871 -4973 4978 -5080 5085 -5187 5192 -5294 5299 -5401 5406 5457 -5508 5513 -5615 5620
-52 55 -159 162 -266 269 -373 376 -480 483 -587 590 -694 697 -801 804 -908 911 -1015 1018 -1122 1125 -1229 1232 -1336 1339 -1443 1446 -1550 1553 -1657 1660 -1764 1767 -1871 1874 -1978 1981 -2085 2088 -2192 2195 -2299 2302 -2406 2409 -2513 2516 -2620 2623 -2727 2730 -2834 2837 -2941 2944 -3048 3051 -3155 3158 -3262 3265 -3369 3372 -3476 3479 -3583 3586 -3690 3693 -3797 3800 -3904 3907 -4011 4014 -4118 4121 -4225 4228 -4332 4335 -4439 4442 -4546 4549 -4653 4656 -4760 4763 -4867 4870 -4974 4977 -5081 5084 -5188 5191 -5295 5298 -5402 5405 -5509 5512 5564 -5616 5619
-53 54 -160 161 -267 268 -374 375 -481 482 -588 589 -695 696 -802 803 -909 910 -1016 1017 -1123 1124 -1230 1231 -1337 1338 -1444 1445 -1551 1552 -1658 1659 -1765 1766 -1872 1873 -1979 1980 -2086 2087 -2193 2194 -2300 2301 -2407 2408 -2514 2515 -2621 2622 -2728 2729 -2835 2836 -2942 2943 -3049 3050 -3156 3157 -3263 3264 -3370 3371 -3477 3478 -3584 3585 -3691 3692 -3798 3799 -3905 3906 -4012 4013 -4119 4120 -4226 4227 -4333 4334 -4440 4441 -4547 4548 -4654 4655 -4761 4762 -4868 4869 -4975 4976 -5082 5083 -5189 5190 -5296 5297 -5403 5404 -5510 5511 -5617 5618 5671
