12769
-1 112 113 -114 225 -227 338 -340 451 -453 564 -566 677 -679 790 -792 903 -905 1016 -1018 1129 -1131 1242 -1244 1355 -1357 1468 -1470 1581 -1583 1694 -1696 1807 -1809 1920 -1922 2033 -2035 2146 -2148 2259 -2261 2372 -2374 2485 -2487 2598 -2600 2711 -2713 2824 -2826 2937 -2939 3050 -3052 3163 -3165 3276 -3278 3389 -3391 3502 -3504 3615 -3617 3728 -3730 3841 -3843 3954 -3956 4067 -4069 4180 -4182 4293 -4295 4406 -4408 4519 -4521 4632 -4634 4745 -4747 4858 -4860 4971 -4973 5084 -5086 5197 -5199 5310 -5312 5423 -5425 5536 -5538 5649 -5651 5762 -5764 5875 -5877 5988 -5990 6101 -6103 6214 -6216 6327
-2 111 -115 224 226 -228 337 -341 450 -454 563 -567 676 -680 789 -793 902 -906 1015 -1019 1128 -1132 1241 -1245 1354 -1358 1467 -1471 1580 -1584 1693 -1697 1806 -1810 1919 -1923 2032 -2036 2145 -2149 2258 -2262 2371 -2375 2484 -2488 2597 -2601 2710 -2714 2823 -2827 2936 -2940 3049 -3053 3162 -3166 3275 -3279 3388 -3392 3501 -3505 3614 -3618 3727 -3731 3840 -3844 3953 -3957 4066 -4070 4179 -4183 4292 -4296 4405 -4409 4518 -4522 4631 -4635 4744 -4748 4857 -4861 4970 -4974 5083 -5087 5196 -5200 5309 -5313 5422 -5426 5535 -5539 5648 -5652 5761 -5765 5874 -5878 5987 -5991 6100 -6104 6213 -6217 6326
-3 110 -116 223 -229 336 339 -342 449 -455 562 -568 675 -681 788 -794 901 -907 1014 -1020 1127 -1133 1240 -1246 1353 -1359 1466 -1472 1579 -1585 1692 -1698 1805 -1811 1918 -1924 2031 -2037 2144 -2150 2257 -2263 2370 -2376 2483 -2489 2596 -2602 2709 -2715 2822 -2828 2935 -2941 3048 -3054 3161 -3167 3274 -3280 3387 -3393 3500 -3506 3613 -3619 3726 -3732 3839 -3845 3952 -3958 4065 -4071 4178 -4184 4291 -4297 4404 -4410 4517 -4523 4630 -4636 4743 -4749 4856 -4862 4969 -4975 5082 -5088 5195 -5201 5308 -5314 5421 -5427 5534 -5540 5647 -5653 5760 -5766 5873 -5879 5986 -5992 6099 -6105 6212 -6218 6325
-4 109 -117 222 -230 335 -343 448 452 -456 561 -569 674 -682 787 -795 900 -908 1013 -1021 1126 -1134 1239 -1247 1352 -1360 1465 -1473 1578 -1586 1691 -1699 1804 -1812 1917 -1925 2030 -2038 2143 -2151 2256 -2264 2369 -2377 2482 -2490 2595 -2603 2708 -2716 2821 -2829 2934 -2942 3047 -3055 3160 -3168 3273 -3281 3386 -3394 3499 -3507 3612 -3620 3725 -3733 3838 -3846 3951 -3959 4064 -4072 4177 -4185 4290 -4298 4403 -4411 4516 -4524 4629 -4637 4742 -4750 4855 -4863 4968 -4976 5081 -5089 5194 -5202 5307 -5315 5420 -5428 5533 -5541 5646 -5654 5759 -5767 5872 -5880 5985 -5993 6098 -6106 6211 -6219 6324
-5 108 -118 221 -231 334 -344 447 -457 560 565 -570 673 -683 786 -796 899 -909 1012 -1022 1125 -1135 1238 -1248 1351 -1361 1464 -1474 1577 -1587 1690 -1700 1803 -1813 1916 -1926 2029 -2039 2142 -2152 2255 -2265 2368 -2378 2481 -2491 2594 -2604 2707 -2717 2820 -2830 2933 -2943 3046 -3056 3159 -3169 3272 -3282 3385 -3395 3498 -3508 3611 -3621 3724 -3734 3837 -3847 3950 -3960 4063 -4073 4176 -4186 4289 -4299 4402 -4412 4515 -4525 4628 -4638 4741 -4751 4854 -4864 4967 -4977 5080 -5090 5193 -5203 5306 -5316 5419 -5429 5532 -5542 5645 -5655 5758 -5768 5871 -5881 5984 -5994 6097 -6107 6210 -6220 6323
-6 107 -119 220 -232 333 -345 446 -458 559 -571 672 678 -684 785 -797 898 -910 1011 -1023 1124 -1136 1237 -1249 1350 -1362 1463 -1475 1576 -1588 1689 -1701 1802 -1814 1915 -1927 2028 -2040 2141 -2153 2254 -2266 2367 -2379 2480 -2492 2593 -2605 2706 -2718 2819 -2831 2932 -2944 3045 -3057 3158 -3170 3271 -3283 3384 -3396 3497 -3509 3610 -3622 3723 -3735 3836 -3848 3949 -3961 4062 -4074 4175 -4187 4288 -4300 4401 -4413 4514 -4526 4627 -4639 4740 -4752 4853 -4865 4966 -4978 5079 -5091 5192 -5204 5305 -5317 5418 -5430 5531 -5543 5644 -5656 5757 -5769 5870 -5882 5983 -5995 6096 -6108 6209 -6221 6322
-7 106 -120 219 -233 332 -346 445 -459 558 -572 671 -685 784 791 -798 897 -911 1010 -1024 1123 -1137 1236 -1250 1349 -1363 1462 -1476 1575 -1589 1688 -1702 1801 -1815 1914 -1928 2027 -2041 2140 -2154 2253 -2267 2366 -2380 2479 -2493 2592 -2606 2705 -2719 2818 -2832 2931 -2945 3044 -3058 3157 -3171 3270 -3284 3383 -3397 3496 -3510 3609 -3623 3722 -3736 3835 -3849 3948 -3962 4061 -4075 4174 -4188 4287 -4301 4400 -4414 4513 -4527 4626 -4640 4739 -4753 4852 -4866 4965 -4979 5078 -5092 5191 -5205 5304 -5318 5417 -5431 5530 -5544 5643 -5657 5756 -5770 5869 -5883 5982 -5996 6095 -6109 6208 -6222 6321
-8 105 -121 218 -234 331 -347 444 -460 557 -573 670 -686 783 -799 896 904 -912 1009 -1025 1122 -1138 1235 -1251 1348 -1364 1461 -1477 1574 -1590 1687 -1703 1800 -1816 1913 -1929 2026 -2042 2139 -2155 2252 -2268 2365 -2381 2478 -2494 2591 -2607 2704 -2720 2817 -2833 2930 -2946 3043 -3059 3156 -3172 3269 -3285 3382 -3398 3495 -3511 3608 -3624 3721 -3737 3834 -3850 3947 -3963 4060 -4076 4173 -4189 4286 -4302 4399 -4415 4512 -4528 4625 -4641 4738 -4754 4851 -4867 4964 -4980 5077 -5093 5190 -5206 5303 -5319 5416 -5432 5529 -5545 5642 -5658 5755 -5771 5868 -5884 5981 -5997 6094 -6110 6207 -6223 6320
-9 104 -122 217 -235 330 -348 443 -461 556 -574 669 -687 782 -800 895 -913 1008 1017 -1026 1121 -1139 1234 -1252 1347 -1365 1460 -1478 1573 -1591 1686 -1704 1799 -1817 1912 -1930 2025 -2043 2138 -2156 2251 -2269 2364 -2382 2477 -2495 2590 -2608 2703 -2721 2816 -2834 2929 -2947 3042 -3060 3155 -3173 3268 -3286 3381 -3399 3494 -3512 3607 -3625 3720 -3738 3833 -3851 3946 -3964 4059 -4077 4172 -4190 4285 -4303 4398 -4416 4511 -4529 4624 -4642 4737 -4755 4850 -4868 4963 -4981 5076 -5094 5189 -5207 5302 -5320 5415 -5433 5528 -5546 5641 -5659 5754 -5772 5867 -5885 5980 -5998 6093 -6111 6206 -6224 6319
-10 103 -123 216 -236 329 -349 442 -462 555 -575 668 -688 781 -801 894 -914 1007 -1027 1120 1130 -1140 1233 -1253 1346 -1366 1459 -1479 1572 -1592 1685 -1705 1798 -1818 1911 -1931 2024 -2044 2137 -2157 2250 -2270 2363 -2383 2476 -2496 2589 -2609 2702 -2722 2815 -2835 2928 -2948 3041 -3061 3154 -3174 3267 -3287 3380 -3400 3493 -3513 3606 -3626 3719 -3739 3832 -3852 3945 -3965 4058 -4078 4171 -4191 4284 -4304 4397 -4417 4510 -4530 4623 -4643 4736 -4756 4849 -4869 4962 -4982 5075 -5095 5188 -5208 5301 -5321 5414 -5434 5527 -5547 5640 -5660 5753 -5773 5866 -5886 5979 -5999 6092 -6112 6205 -6225 6318
-11 102 -124 215 -237 328 -350 441 -463 554 -576 667 -689 780 -802 893 -915 1006 -1028 1119 -1141 1232 1243 -1254 1345 -1367 1458 -1480 1571 -1593 1684 -1706 1797 -1819 1910 -1932 2023 -2045 2136 -2158 2249 -2271 2362 -2384 2475 -2497 2588 -2610 2701 -2723 2814 -2836 2927 -2949 3040 -3062 3153 -3175 3266 -3288 3379 -3401 3492 -3514 3605 -3627 3718 -3740 3831 -3853 3944 -3966 4057 -4079 4170 -4192 4283 -4305 4396 -4418 4509 -4531 4622 -4644 4735 -4757 4848 -4870 4961 -4983 5074 -5096 5187 -5209 5300 -5322 5413 -5435 5526 -5548 5639 -5661 5752 -5774 5865 -5887 5978 -6000 6091 -6113 6204 -6226 6317
-12 101 -125 214 -238 327 -351 440 -464 553 -577 666 -690 779 -803 892 -916 1005 -1029 1118 -1142 1231 -1255 1344 1356 -1368 1457 -1481 1570 -1594 1683 -1707 1796 -1820 1909 -1933 2022 -2046 2135 -2159 2248 -2272 2361 -2385 2474 -2498 2587 -2611 2700 -2724 2813 -2837 2926 -2950 3039 -3063 3152 -3176 3265 -3289 3378 -3402 3491 -3515 3604 -3628 3717 -3741 3830 -3854 3943 -3967 4056 -4080 4169 -4193 4282 -4306 4395 -4419 4508 -4532 4621 -4645 4734 -4758 4847 -4871 4960 -4984 5073 -5097 5186 -5210 5299 -5323 5412 -5436 5525 -5549 5638 -5662 5751 -5775 5864 -5888 5977 -6001 6090 -6114 6203 -6227 6316
-13 100 -126 213 -239 326 -352 439 -465 552 -578 665 -691 778 -804 891 -917 1004 -1030 1117 -1143 1230 -1256 1343 -1369 1456 1469 -1482 1569 -1595 1682 -1708 1795 -1821 1908 -1934 2021 -2047 2134 -2160 2247 -2273 2360 -2386 2473 -2499 2586 -2612 2699 -2725 2812 -2838 2925 -2951 3038 -3064 3151 -3177 3264 -3290 3377 -3403 3490 -3516 3603 -3629 3716 -3742 3829 -3855 3942 -3968 4055 -4081 4168 -4194 4281 -4307 4394 -4420 4507 -4533 4620 -4646 4733 -4759 4846 -4872 4959 -4985 5072 -5098 5185 -5211 5298 -5324 5411 -5437 5524 -5550 5637 -5663 5750 -5776 5863 -5889 5976 -6002 6089 -6115 6202 -6228 6315
-14 99 -127 212 -240 325 -353 438 -466 551 -579 664 -692 777 -805 890 -918 1003 -1031 1116 -1144 1229 -1257 1342 -1370 1455 -1483 1568 1582 -1596 1681 -1709 1794 -1822 1907 -1935 2020 -2048 2133 -2161 2246 -2274 2359 -2387 2472 -2500 2585 -2613 2698 -2726 2811 -2839 2924 -2952 3037 -3065 3150 -3178 3263 -3291 3376 -3404 3489 -3517 3602 -3630 3715 -3743 3828 -3856 3941 -3969 4054 -4082 4167 -4195 4280 -4308 4393 -4421 4506 -4534 4619 -4647 4732 -4760 4845 -4873 4958 -4986 5071 -5099 5184 -5212 5297 -5325 5410 -5438 5523 -5551 5636 -5664 5749 -5777 5862 -5890 5975 -6003 6088 -6116 6201 -6229 6314
-15 98 -128 211 -241 324 -354 437 -467 550 -580 663 -693 776 -806 889 -919 1002 -1032 1115 -1145 1228 -1258 1341 -1371 1454 -1484 1567 -1597 1680 1695 -1710 1793 -1823 1906 -1936 2019 -2049 2132 -2162 2245 -2275 2358 -2388 2471 -2501 2584 -2614 2697 -2727 2810 -2840 2923 -2953 3036 -3066 3149 -3179 3262 -3292 3375 -3405 3488 -3518 3601 -3631 3714 -3744 3827 -3857 3940 -3970 4053 -4083 4166 -4196 4279 -4309 4392 -4422 4505 -4535 4618 -4648 4731 -4761 4844 -4874 4957 -4987 5070 -5100 5183 -5213 5296 -5326 5409 -5439 5522 -5552 5635 -5665 5748 -5778 5861 -5891 5974 -6004 6087 -6117 6200 -6230 6313
-16 97 -129 210 -242 323 -355 436 -468 549 -581 662 -694 775 -807 888 -920 1001 -1033 1114 -1146 1227 -1259 1340 -1372 1453 -1485 1566 -1598 1679 -1711 1792 1808 -1824 1905 -1937 2018 -2050 2131 -2163 2244 -2276 2357 -2389 2470 -2502 2583 -2615 2696 -2728 2809 -2841 2922 -2954 3035 -3067 3148 -3180 3261 -3293 3374 -3406 3487 -3519 3600 -3632 3713 -3745 3826 -3858 3939 -3971 4052 -4084 4165 -4197 4278 -4310 4391 -4423 4504 -4536 4617 -4649 4730 -4762 4843 -4875 4956 -4988 5069 -5101 5182 -5214 5295 -5327 5408 -5440 5521 -5553 5634 -5666 5747 -5779 5860 -5892 5973 -6005 6086 -6118 6199 -6231 6312
-17 96 -130 209 -243 322 -356 435 -469 548 -582 661 -695 774 -808 887 -921 1000 -1034 1113 -1147 1226 -1260 1339 -1373 1452 -1486 1565 -1599 1678 -1712 1791 -1825 1904 1921 -1938 2017 -2051 2130 -2164 2243 -2277 2356 -2390 2469 -2503 2582 -2616 2695 -2729 2808 -2842 2921 -2955 3034 -3068 3147 -3181 3260 -3294 3373 -3407 3486 -3520 3599 -3633 3712 -3746 3825 -3859 3938 -3972 4051 -4085 4164 -4198 4277 -4311 4390 -4424 4503 -4537 4616 -4650 4729 -4763 4842 -4876 4955 -4989 5068 -5102 5181 -5215 5294 -5328 5407 -5441 5520 -5554 5633 -5667 5746 -5780 5859 -5893 5972 -6006 6085 -6119 6198 -6232 6311
-18 95 -131 208 -244 321 -357 434 -470 547 -583 660 -696 773 -809 886 -922 999 -1035 1112 -1148 1225 -1261 1338 -1374 1451 -1487 1564 -1600 1677 -1713 1790 -1826 1903 -1939 2016 2034 -2052 2129 -2165 2242 -2278 2355 -2391 2468 -2504 2581 -2617 2694 -2730 2807 -2843 2920 -2956 3033 -3069 3146 -3182 3259 -3295 3372 -3408 3485 -3521 3598 -3634 3711 -3747 3824 -3860 3937 -3973 4050 -4086 4163 -4199 4276 -4312 4389 -4425 4502 -4538 4615 -4651 4728 -4764 4841 -4877 4954 -4990 5067 -5103 5180 -5216 5293 -5329 5406 -5442 5519 -5555 5632 -5668 5745 -5781 5858 -5894 5971 -6007 6084 -6120 6197 -6233 6310
-19 94 -132 207 -245 320 -358 433 -471 546 -584 659 -697 772 -810 885 -923 998 -1036 1111 -1149 1224 -1262 1337 -1375 1450 -1488 1563 -1601 1676 -1714 1789 -1827 1902 -1940 2015 -2053 2128 2147 -2166 2241 -2279 2354 -2392 2467 -2505 2580 -2618 2693 -2731 2806 -2844 2919 -2957 3032 -3070 3145 -3183 3258 -3296 3371 -3409 3484 -3522 3597 -3635 3710 -3748 3823 -3861 3936 -3974 4049 -4087 4162 -4200 4275 -4313 4388 -4426 4501 -4539 4614 -4652 4727 -4765 4840 -4878 4953 -4991 5066 -5104 5179 -5217 5292 -5330 5405 -5443 5518 -5556 5631 -5669 5744 -5782 5857 -5895 5970 -6008 6083 -6121 6196 -6234 6309
-20 93 -133 206 -246 319 -359 432 -472 545 -585 658 -698 771 -811 884 -924 997 -1037 1110 -1150 1223 -1263 1336 -1376 1449 -1489 1562 -1602 1675 -1715 1788 -1828 1901 -1941 2014 -2054 2127 -2167 2240 2260 -2280 2353 -2393 2466 -2506 2579 -2619 2692 -2732 2805 -2845 2918 -2958 3031 -3071 3144 -3184 3257 -3297 3370 -3410 3483 -3523 3596 -3636 3709 -3749 3822 -3862 3935 -3975 4048 -4088 4161 -4201 4274 -4314 4387 -4427 4500 -4540 4613 -4653 4726 -4766 4839 -4879 4952 -4992 5065 -5105 5178 -5218 5291 -5331 5404 -5444 5517 -5557 5630 -5670 5743 -5783 5856 -5896 5969 -6009 6082 -6122 6195 -6235 6308
-21 92 -134 205 -247 318 -360 431 -473 544 -586 657 -699 770 -812 883 -925 996 -1038 1109 -1151 1222 -1264 1335 -1377 1448 -1490 1561 -1603 1674 -1716 1787 -1829 1900 -1942 2013 -2055 2126 -2168 2239 -2281 2352 2373 -2394 2465 -2507 2578 -2620 2691 -2733 2804 -2846 2917 -2959 3030 -3072 3143 -3185 3256 -3298 3369 -3411 3482 -3524 3595 -3637 3708 -3750 3821 -3863 3934 -3976 4047 -4089 4160 -4202 4273 -4315 4386 -4428 4499 -4541 4612 -4654 4725 -4767 4838 -4880 4951 -4993 5064 -5106 5177 -5219 5290 -5332 5403 -5445 5516 -5558 5629 -5671 5742 -5784 5855 -5897 5968 -6010 6081 -6123 6194 -6236 6307
-22 91 -135 204 -248 317 -361 430 -474 543 -587 656 -700 769 -813 882 -926 995 -1039 1108 -1152 1221 -1265 1334 -1378 1447 -1491 1560 -1604 1673 -1717 1786 -1830 1899 -1943 2012 -2056 2125 -2169 2238 -2282 2351 -2395 2464 2486 -2508 2577 -2621 2690 -2734 2803 -2847 2916 -2960 3029 -3073 3142 -3186 3255 -3299 3368 -3412 3481 -3525 3594 -3638 3707 -3751 3820 -3864 3933 -3977 4046 -4090 4159 -4203 4272 -4316 4385 -4429 4498 -4542 4611 -4655 4724 -4768 4837 -4881 4950 -4994 5063 -5107 5176 -5220 5289 -5333 5402 -5446 5515 -5559 5628 -5672 5741 -5785 5854 -5898 5967 -6011 6080 -6124 6193 -6237 6306
-23 90 -136 203 -249 316 -362 429 -475 542 -588 655 -701 768 -814 881 -927 994 -1040 1107 -1153 1220 -1266 1333 -1379 1446 -1492 1559 -1605 1672 -1718 1785 -1831 1898 -1944 2011 -2057 2124 -2170 2237 -2283 2350 -2396 2463 -2509 2576 2599 -2622 2689 -2735 2802 -2848 2915 -2961 3028 -3074 3141 -3187 3254 -3300 3367 -3413 3480 -3526 3593 -3639 3706 -3752 3819 -3865 3932 -3978 4045 -4091 4158 -4204 4271 -4317 4384 -4430 4497 -4543 4610 -4656 4723 -4769 4836 -4882 4949 -4995 5062 -5108 5175 -5221 5288 -5334 5401 -5447 5514 -5560 5627 -5673 5740 -5786 5853 -5899 5966 -6012 6079 -6125 6192 -6238 6305
-24 89 -137 202 -250 315 -363 428 -476 541 -589 654 -702 767 -815 880 -928 993 -1041 1106 -1154 1219 -1267 1332 -1380 1445 -1493 1558 -1606 1671 -1719 1784 -1832 1897 -1945 2010 -2058 2123 -2171 2236 -2284 2349 -2397 2462 -2510 2575 -2623 2688 2712 -2736 2801 -2849 2914 -2962 3027 -3075 3140 -3188 3253 -3301 3366 -3414 3479 -3527 3592 -3640 3705 -3753 3818 -3866 3931 -3979 4044 -4092 4157 -4205 4270 -4318 4383 -4431 4496 -4544 4609 -4657 4722 -4770 4835 -4883 4948 -4996 5061 -5109 5174 -5222 5287 -5335 5400 -5448 5513 -5561 5626 -5674 5739 -5787 5852 -5900 5965 -6013 6078 -6126 6191 -6239 6304
-25 88 -138 201 -251 314 -364 427 -477 540 -590 653 -703 766 -816 879 -929 992 -1042 1105 -1155 1218 -1268 1331 -1381 1444 -1494 1557 -1607 1670 -1720 1783 -1833 1896 -1946 2009 -2059 2122 -2172 2235 -2285 2348 -2398 2461 -2511 2574 -2624 2687 -2737 2800 2825 -2850 2913 -2963 3026 -3076 3139 -3189 3252 -3302 3365 -3415 3478 -3528 3591 -3641 3704 -3754 3817 -3867 3930 -3980 4043 -4093 4156 -4206 4269 -4319 4382 -4432 4495 -4545 4608 -4658 4721 -4771 4834 -4884 4947 -4997 5060 -5110 5173 -5223 5286 -5336 5399 -5449 5512 -5562 5625 -5675 5738 -5788 5851 -5901 5964 -6014 6077 -6127 6190 -6240 6303
-26 87 -139 200 -252 313 -365 426 -478 539 -591 652 -704 765 -817 878 -930 991 -1043 1104 -1156 1217 -1269 1330 -1382 1443 -1495 1556 -1608 1669 -1721 1782 -1834 1895 -1947 2008 -2060 2121 -2173 2234 -2286 2347 -2399 2460 -2512 2573 -2625 2686 -2738 2799 -2851 2912 2938 -2964 3025 -3077 3138 -3190 3251 -3303 3364 -3416 3477 -3529 3590 -3642 3703 -3755 3816 -3868 3929 -3981 4042 -4094 4155 -4207 4268 -4320 4381 -4433 4494 -4546 4607 -4659 4720 -4772 4833 -4885 4946 -4998 5059 -5111 5172 -5224 5285 -5337 5398 -5450 5511 -5563 5624 -5676 5737 -5789 5850 -5902 5963 -6015 6076 -6128 6189 -6241 6302
-27 86 -140 199 -253 312 -366 425 -479 538 -592 651 -705 764 -818 877 -931 990 -1044 1103 -1157 1216 -1270 1329 -1383 1442 -1496 1555 -1609 1668 -1722 1781 -1835 1894 -1948 2007 -2061 2120 -2174 2233 -2287 2346 -2400 2459 -2513 2572 -2626 2685 -2739 2798 -2852 2911 -2965 3024 3051 -3078 3137 -3191 3250 -3304 3363 -3417 3476 -3530 3589 -3643 3702 -3756 3815 -3869 3928 -3982 4041 -4095 4154 -4208 4267 -4321 4380 -4434 4493 -4547 4606 -4660 4719 -4773 4832 -4886 4945 -4999 5058 -5112 5171 -5225 5284 -5338 5397 -5451 5510 -5564 5623 -5677 5736 -5790 5849 -5903 5962 -6016 6075 -6129 6188 -6242 6301
-28 85 -141 198 -254 311 -367 424 -480 537 -593 650 -706 763 -819 876 -932 989 -1045 1102 -1158 1215 -1271 1328 -1384 1441 -1497 1554 -1610 1667 -1723 1780 -1836 1893 -1949 2006 -2062 2119 -2175 2232 -2288 2345 -2401 2458 -2514 2571 -2627 2684 -2740 2797 -2853 2910 -2966 3023 -3079 3136 3164 -3192 3249 -3305 3362 -3418 3475 -3531 3588 -3644 3701 -3757 3814 -3870 3927 -3983 4040 -4096 4153 -4209 4266 -4322 4379 -4435 4492 -4548 4605 -4661 4718 -4774 4831 -4887 4944 -5000 5057 -5113 5170 -5226 5283 -5339 5396 -5452 5509 -5565 5622 -5678 5735 -5791 5848 -5904 5961 -6017 6074 -6130 6187 -6243 6300
-29 84 -142 197 -255 310 -368 423 -481 536 -594 649 -707 762 -820 875 -933 988 -1046 1101 -1159 1214 -1272 1327 -1385 1440 -1498 1553 -1611 1666 -1724 1779 -1837 1892 -1950 2005 -2063 2118 -2176 2231 -2289 2344 -2402 2457 -2515 2570 -2628 2683 -2741 2796 -2854 2909 -2967 3022 -3080 3135 -3193 3248 3277 -3306 3361 -3419 3474 -3532 3587 -3645 3700 -3758 3813 -3871 3926 -3984 4039 -4097 4152 -4210 4265 -4323 4378 -4436 4491 -4549 4604 -4662 4717 -4775 4830 -4888 4943 -5001 5056 -5114 5169 -5227 5282 -5340 5395 -5453 5508 -5566 5621 -5679 5734 -5792 5847 -5905 5960 -6018 6073 -6131 6186 -6244 6299
-30 83 -143 196 -256 309 -369 422 -482 535 -595 648 -708 761 -821 874 -934 987 -1047 1100 -1160 1213 -1273 1326 -1386 1439 -1499 1552 -1612 1665 -1725 1778 -1838 1891 -1951 2004 -2064 2117 -2177 2230 -2290 2343 -2403 2456 -2516 2569 -2629 2682 -2742 2795 -2855 2908 -2968 3021 -3081 3134 -3194 3247 -3307 3360 3390 -3420 3473 -3533 3586 -3646 3699 -3759 3812 -3872 3925 -3985 4038 -4098 4151 -4211 4264 -4324 4377 -4437 4490 -4550 4603 -4663 4716 -4776 4829 -4889 4942 -5002 5055 -5115 5168 -5228 5281 -5341 5394 -5454 5507 -5567 5620 -5680 5733 -5793 5846 -5906 5959 -6019 6072 -6132 6185 -6245 6298
-31 82 -144 195 -257 308 -370 421 -483 534 -596 647 -709 760 -822 873 -935 986 -1048 1099 -1161 1212 -1274 1325 -1387 1438 -1500 1551 -1613 1664 -1726 1777 -1839 1890 -1952 2003 -2065 2116 -2178 2229 -2291 2342 -2404 2455 -2517 2568 -2630 2681 -2743 2794 -2856 2907 -2969 3020 -3082 3133 -3195 3246 -3308 3359 -3421 3472 3503 -3534 3585 -3647 3698 -3760 3811 -3873 3924 -3986 4037 -4099 4150 -4212 4263 -4325 4376 -4438 4489 -4551 4602 -4664 4715 -4777 4828 -4890 4941 -5003 5054 -5116 5167 -5229 5280 -5342 5393 -5455 5506 -5568 5619 -5681 5732 -5794 5845 -5907 5958 -6020 6071 -6133 6184 -6246 6297
-32 81 -145 194 -258 307 -371 420 -484 533 -597 646 -710 759 -823 872 -936 985 -1049 1098 -1162 1211 -1275 1324 -1388 1437 -1501 1550 -1614 1663 -1727 1776 -1840 1889 -1953 2002 -2066 2115 -2179 2228 -2292 2341 -2405 2454 -2518 2567 -2631 2680 -2744 2793 -2857 2906 -2970 3019 -3083 3132 -3196 3245 -3309 3358 -3422 3471 -3535 3584 3616 -3648 3697 -3761 3810 -3874 3923 -3987 4036 -4100 4149 -4213 4262 -4326 4375 -4439 4488 -4552 4601 -4665 4714 -4778 4827 -4891 4940 -5004 5053 -5117 5166 -5230 5279 -5343 5392 -5456 5505 -5569 5618 -5682 5731 -5795 5844 -5908 5957 -6021 6070 -6134 6183 -6247 6296
-33 80 -146 193 -259 306 -372 419 -485 532 -598 645 -711 758 -824 871 -937 984 -1050 1097 -1163 1210 -1276 1323 -1389 1436 -1502 1549 -1615 1662 -1728 1775 -1841 1888 -1954 2001 -2067 2114 -2180 2227 -2293 2340 -2406 2453 -2519 2566 -2632 2679 -2745 2792 -2858 2905 -2971 3018 -3084 3131 -3197 3244 -3310 3357 -3423 3470 -3536 3583 -3649 3696 3729 -3762 3809 -3875 3922 -3988 4035 -4101 4148 -4214 4261 -4327 4374 -4440 4487 -4553 4600 -4666 4713 -4779 4826 -4892 4939 -5005 5052 -5118 5165 -5231 5278 -5344 5391 -5457 5504 -5570 5617 -5683 5730 -5796 5843 -5909 5956 -6022 6069 -6135 6182 -6248 6295
-34 79 -147 192 -260 305 -373 418 -486 531 -599 644 -712 757 -825 870 -938 983 -1051 1096 -1164 1209 -1277 1322 -1390 1435 -1503 1548 -1616 1661 -1729 1774 -1842 1887 -1955 2000 -2068 2113 -2181 2226 -2294 2339 -2407 2452 -2520 2565 -2633 2678 -2746 2791 -2859 2904 -2972 3017 -3085 3130 -3198 3243 -3311 3356 -3424 3469 -3537 3582 -3650 3695 -3763 3808 3842 -3876 3921 -3989 4034 -4102 4147 -4215 4260 -4328 4373 -4441 4486 -4554 4599 -4667 4712 -4780 4825 -4893 4938 -5006 5051 -5119 5164 -5232 5277 -5345 5390 -5458 5503 -5571 5616 -5684 5729 -5797 5842 -5910 5955 -6023 6068 -6136 6181 -6249 6294
-35 78 -148 191 -261 304 -374 417 -487 530 -600 643 -713 756 -826 869 -939 982 -1052 1095 -1165 1208 -1278 1321 -1391 1434 -1504 1547 -1617 1660 -1730 1773 -1843 1886 -1956 1999 -2069 2112 -2182 2225 -2295 2338 -2408 2451 -2521 2564 -2634 2677 -2747 2790 -2860 2903 -2973 3016 -3086 3129 -3199 3242 -3312 3355 -3425 3468 -3538 3581 -3651 3694 -3764 3807 -3877 3920 3955 -3990 4033 -4103 4146 -4216 4259 -4329 4372 -4442 4485 -4555 4598 -4668 4711 -4781 4824 -4894 4937 -5007 5050 -5120 5163 -5233 5276 -5346 5389 -5459 5502 -5572 5615 -5685 5728 -5798 5841 -5911 5954 -6024 6067 -6137 6180 -6250 6293
-36 77 -149 190 -262 303 -375 416 -488 529 -601 642 -714 755 -827 868 -940 981 -1053 1094 -1166 1207 -1279 1320 -1392 1433 -1505 1546 -1618 1659 -1731 1772 -1844 1885 -1957 1998 -2070 2111 -2183 2224 -2296 2337 -2409 2450 -2522 2563 -2635 2676 -2748 2789 -2861 2902 -2974 3015 -3087 3128 -3200 3241 -3313 3354 -3426 3467 -3539 3580 -3652 3693 -3765 3806 -3878 3919 -3991 4032 4068 -4104 4145 -4217 4258 -4330 4371 -4443 4484 -4556 4597 -4669 4710 -4782 4823 -4895 4936 -5008 5049 -5121 5162 -5234 5275 -5347 5388 -5460 5501 -5573 5614 -5686 5727 -5799 5840 -5912 5953 -6025 6066 -6138 6179 -6251 6292
-37 76 -150 189 -263 302 -376 415 -489 528 -602 641 -715 754 -828 867 -941 980 -1054 1093 -1167 1206 -1280 1319 -1393 1432 -1506 1545 -1619 1658 -1732 1771 -1845 1884 -1958 1997 -2071 2110 -2184 2223 -2297 2336 -2410 2449 -2523 2562 -2636 2675 -2749 2788 -2862 2901 -2975 3014 -3088 3127 -3201 3240 -3314 3353 -3427 3466 -3540 3579 -3653 3692 -3766 3805 -3879 3918 -3992 4031 -4105 4144 4181 -4218 4257 -4331 4370 -4444 4483 -4557 4596 -4670 4709 -4783 4822 -4896 4935 -5009 5048 -5122 5161 -5235 5274 -5348 5387 -5461 5500 -5574 5613 -5687 5726 -5800 5839 -5913 5952 -6026 6065 -6139 6178 -6252 6291
-38 75 -151 188 -264 301 -377 414 -490 527 -603 640 -716 753 -829 866 -942 979 -1055 1092 -1168 1205 -1281 1318 -1394 1431 -1507 1544 -1620 1657 -1733 1770 -1846 1883 -1959 1996 -2072 2109 -2185 2222 -2298 2335 -2411 2448 -2524 2561 -2637 2674 -2750 2787 -2863 2900 -2976 3013 -3089 3126 -3202 3239 -3315 3352 -3428 3465 -3541 3578 -3654 3691 -3767 3804 -3880 3917 -3993 4030 -4106 4143 -4219 4256 4294 -4332 4369 -4445 4482 -4558 4595 -4671 4708 -4784 4821 -4897 4934 -5010 5047 -5123 5160 -5236 5273 -5349 5386 -5462 5499 -5575 5612 -5688 5725 -5801 5838 -5914 5951 -6027 6064 -6140 6177 -6253 6290
-39 74 -152 187 -265 300 -378 413 -491 526 -604 639 -717 752 -830 865 -943 978 -1056 1091 -1169 1204 -1282 1317 -1395 1430 -1508 1543 -1621 1656 -1734 1769 -1847 1882 -1960 1995 -2073 2108 -2186 2221 -2299 2334 -2412 2447 -2525 2560 -2638 2673 -2751 2786 -2864 2899 -2977 3012 -3090 3125 -3203 3238 -3316 3351 -3429 3464 -3542 3577 -3655 3690 -3768 3803 -3881 3916 -3994 4029 -4107 4142 -4220 4255 -4333 4368 4407 -4446 4481 -4559 4594 -4672 4707 -4785 4820 -4898 4933 -5011 5046 -5124 5159 -5237 5272 -5350 5385 -5463 5498 -5576 5611 -5689 5724 -5802 5837 -5915 5950 -6028 6063 -6141 6176 -6254 6289
-40 73 -153 186 -266 299 -379 412 -492 525 -605 638 -718 751 -831 864 -944 977 -1057 1090 -1170 1203 -1283 1316 -1396 1429 -1509 1542 -1622 1655 -1735 1768 -1848 1881 -1961 1994 -2074 2107 -2187 2220 -2300 2333 -2413 2446 -2526 2559 -2639 2672 -2752 2785 -2865 2898 -2978 3011 -3091 3124 -3204 3237 -3317 3350 -3430 3463 -3543 3576 -3656 3689 -3769 3802 -3882 3915 -3995 4028 -4108 4141 -4221 4254 -4334 4367 -4447 4480 4520 -4560 4593 -4673 4706 -4786 4819 -4899 4932 -5012 5045 -5125 5158 -5238 5271 -5351 5384 -5464 5497 -5577 5610 -5690 5723 -5803 5836 -5916 5949 -6029 6062 -6142 6175 -6255 6288
-41 72 -154 185 -267 298 -380 411 -493 524 -606 637 -719 750 -832 863 -945 976 -1058 1089 -1171 1202 -1284 1315 -1397 1428 -1510 1541 -1623 1654 -1736 1767 -1849 1880 -1962 1993 -2075 2106 -2188 2219 -2301 2332 -2414 2445 -2527 2558 -2640 2671 -2753 2784 -2866 2897 -2979 3010 -3092 3123 -3205 3236 -3318 3349 -3431 3462 -3544 3575 -3657 3688 -3770 3801 -3883 3914 -3996 4027 -4109 4140 -4222 4253 -4335 4366 -4448 4479 -4561 4592 4633 -4674 4705 -4787 4818 -4900 4931 -5013 5044 -5126 5157 -5239 5270 -5352 5383 -5465 5496 -5578 5609 -5691 5722 -5804 5835 -5917 5948 -6030 6061 -6143 6174 -6256 6287
-42 71 -155 184 -268 297 -381 410 -494 523 -607 636 -720 749 -833 862 -946 975 -1059 1088 -1172 1201 -1285 1314 -1398 1427 -1511 1540 -1624 1653 -1737 1766 -1850 1879 -1963 1992 -2076 2105 -2189 2218 -2302 2331 -2415 2444 -2528 2557 -2641 2670 -2754 2783 -2867 2896 -2980 3009 -3093 3122 -3206 3235 -3319 3348 -3432 3461 -3545 3574 -3658 3687 -3771 3800 -3884 3913 -3997 4026 -4110 4139 -4223 4252 -4336 4365 -4449 4478 -4562 4591 -4675 4704 4746 -4788 4817 -4901 4930 -5014 5043 -5127 5156 -5240 5269 -5353 5382 -5466 5495 -5579 5608 -5692 5721 -5805 5834 -5918 5947 -6031 6060 -6144 6173 -6257 6286
-43 70 -156 183 -269 296 -382 409 -495 522 -608 635 -721 748 -834 861 -947 974 -1060 1087 -1173 1200 -1286 1313 -1399 1426 -1512 1539 -1625 1652 -1738 1765 -1851 1878 -1964 1991 -2077 2104 -2190 2217 -2303 2330 -2416 2443 -2529 2556 -2642 2669 -2755 2782 -2868 2895 -2981 3008 -3094 3121 -3207 3234 -3320 3347 -3433 3460 -3546 3573 -3659 3686 -3772 3799 -3885 3912 -3998 4025 -4111 4138 -4224 4251 -4337 4364 -4450 4477 -4563 4590 -4676 4703 -4789 4816 4859 -4902 4929 -5015 5042 -5128 5155 -5241 5268 -5354 5381 -5467 5494 -5580 5607 -5693 5720 -5806 5833 -5919 5946 -6032 6059 -6145 6172 -6258 6285
-44 69 -157 182 -270 295 -383 408 -496 521 -609 634 -722 747 -835 860 -948 973 -1061 1086 -1174 1199 -1287 1312 -1400 1425 -1513 1538 -1626 1651 -1739 1764 -1852 1877 -1965 1990 -2078 2103 -2191 2216 -2304 2329 -2417 2442 -2530 2555 -2643 2668 -2756 2781 -2869 2894 -2982 3007 -3095 3120 -3208 3233 -3321 3346 -3434 3459 -3547 3572 -3660 3685 -3773 3798 -3886 3911 -3999 4024 -4112 4137 -4225 4250 -4338 4363 -4451 4476 -4564 4589 -4677 4702 -4790 4815 -4903 4928 4972 -5016 5041 -5129 5154 -5242 5267 -5355 5380 -5468 5493 -5581 5606 -5694 5719 -5807 5832 -5920 5945 -6033 6058 -6146 6171 -6259 6284
-45 68 -158 181 -271 294 -384 407 -497 520 -610 633 -723 746 -836 859 -949 972 -1062 1085 -1175 1198 -1288 1311 -1401 1424 -1514 1537 -1627 1650 -1740 1763 -1853 1876 -1966 1989 -2079 2102 -2192 2215 -2305 2328 -2418 2441 -2531 2554 -2644 2667 -2757 2780 -2870 2893 -2983 3006 -3096 3119 -3209 3232 -3322 3345 -3435 3458 -3548 3571 -3661 3684 -3774 3797 -3887 3910 -4000 4023 -4113 4136 -4226 4249 -4339 4362 -4452 4475 -4565 4588 -4678 4701 -4791 4814 -4904 4927 -5017 5040 5085 -5130 5153 -5243 5266 -5356 5379 -5469 5492 -5582 5605 -5695 5718 -5808 5831 -5921 5944 -6034 6057 -6147 6170 -6260 6283
-46 67 -159 180 -272 293 -385 406 -498 519 -611 632 -724 745 -837 858 -950 971 -1063 1084 -1176 1197 -1289 1310 -1402 1423 -1515 1536 -1628 1649 -1741 1762 -1854 1875 -1967 1988 -2080 2101 -2193 2214 -2306 2327 -2419 2440 -2532 2553 -2645 2666 -2758 2779 -2871 2892 -2984 3005 -3097 3118 -3210 3231 -3323 3344 -3436 3457 -3549 3570 -3662 3683 -3775 3796 -3888 3909 -4001 4022 -4114 4135 -4227 4248 -4340 4361 -4453 4474 -4566 4587 -4679 4700 -4792 4813 -4905 4926 -5018 5039 -5131 5152 5198 -5244 5265 -5357 5378 -5470 5491 -5583 5604 -5696 5717 -5809 5830 -5922 5943 -6035 6056 -6148 6169 -6261 6282
-47 66 -160 179 -273 292 -386 405 -499 518 -612 631 -725 744 -838 857 -951 970 -1064 1083 -1177 1196 -1290 1309 -1403 1422 -1516 1535 -1629 1648 -1742 1761 -1855 1874 -1968 1987 -2081 2100 -2194 2213 -2307 2326 -2420 2439 -2533 2552 -2646 2665 -2759 2778 -2872 2891 -2985 3004 -3098 3117 -3211 3230 -3324 3343 -3437 3456 -3550 3569 -3663 3682 -3776 3795 -3889 3908 -4002 4021 -4115 4134 -4228 4247 -4341 4360 -4454 4473 -4567 4586 -4680 4699 -4793 4812 -4906 4925 -5019 5038 -5132 5151 -5245 5264 5311 -5358 5377 -5471 5490 -5584 5603 -5697 5716 -5810 5829 -5923 5942 -6036 6055 -6149 6168 -6262 6281
-48 65 -161 178 -274 291 -387 404 -500 517 -613 630 -726 743 -839 856 -952 969 -1065 1082 -1178 1195 -1291 1308 -1404 1421 -1517 1534 -1630 1647 -1743 1760 -1856 1873 -1969 1986 -2082 2099 -2195 2212 -2308 2325 -2421 2438 -2534 2551 -2647 2664 -2760 2777 -2873 2890 -2986 3003 -3099 3116 -3212 3229 -3325 3342 -3438 3455 -3551 3568 -3664 3681 -3777 3794 -3890 3907 -4003 4020 -4116 4133 -4229 4246 -4342 4359 -4455 4472 -4568 4585 -4681 4698 -4794 4811 -4907 4924 -5020 5037 -5133 5150 -5246 5263 -5359 5376 5424 -5472 5489 -5585 5602 -5698 5715 -5811 5828 -5924 5941 -6037 6054 -6150 6167 -6263 6280
-49 64 -162 177 -275 290 -388 403 -501 516 -614 629 -727 742 -840 855 -953 968 -1066 1081 -1179 1194 -1292 1307 -1405 1420 -1518 1533 -1631 1646 -1744 1759 -1857 1872 -1970 1985 -2083 2098 -2196 2211 -2309 2324 -2422 2437 -2535 2550 -2648 2663 -2761 2776 -2874 2889 -2987 3002 -3100 3115 -3213 3228 -3326 3341 -3439 3454 -3552 3567 -3665 3680 -3778 3793 -3891 3906 -4004 4019 -4117 4132 -4230 4245 -4343 4358 -4456 4471 -4569 4584 -4682 4697 -4795 4810 -4908 4923 -5021 5036 -5134 5149 -5247 5262 -5360 5375 -5473 5488 5537 -5586 5601 -5699 5714 -5812 5827 -5925 5940 -6038 6053 -6151 6166 -6264 6279
-50 63 -163 176 -276 289 -389 402 -502 515 -615 628 -728 741 -841 854 -954 967 -1067 1080 -1180 1193 -1293 1306 -1406 1419 -1519 1532 -1632 1645 -1745 1758 -1858 1871 -1971 1984 -2084 2097 -2197 2210 -2310 2323 -2423 2436 -2536 2549 -2649 2662 -2762 2775 -2875 2888 -2988 3001 -3101 3114 -3214 3227 -3327 3340 -3440 3453 -3553 3566 -3666 3679 -3779 3792 -3892 3905 -4005 4018 -4118 4131 -4231 4244 -4344 4357 -4457 4470 -4570 4583 -4683 4696 -4796 4809 -4909 4922 -5022 5035 -5135 5148 -5248 5261 -5361 5374 -5474 5487 -5587 5600 5650 -5700 5713 -5813 5826 -5926 5939 -6039 6052 -6152 6165 -6265 6278
-51 62 -164 175 -277 288 -390 401 -503 514 -616 627 -729 740 -842 853 -955 966 -1068 1079 -1181 1192 -1294 1305 -1407 1418 -1520 1531 -1633 1644 -1746 1757 -1859 1870 -1972 1983 -2085 2096 -2198 2209 -2311 2322 -2424 2435 -2537 2548 -2650 2661 -2763 2774 -2876 2887 -2989 3000 -3102 3113 -3215 3226 -3328 3339 -3441 3452 -3554 3565 -3667 3678 -3780 3791 -3893 3904 -4006 4017 -4119 4130 -4232 4243 -4345 4356 -4458 4469 -4571 4582 -4684 4695 -4797 4808 -4910 4921 -5023 5034 -5136 5147 -5249 5260 -5362 5373 -5475 5486 -5588 5599 -5701 5712 5763 -5814 5825 -5927 5938 -6040 6051 -6153 6164 -6266 6277
-52 61 -165 174 -278 287 -391 400 -504 513 -617 626 -730 739 -843 852 -956 965 -1069 1078 -1182 1191 -1295 1304 -1408 1417 -1521 1530 -1634 1643 -1747 1756 -1860 1869 -1973 1982 -2086 2095 -2199 2208 -2312 2321 -2425 2434 -2538 2547 -2651 2660 -2764 2773 -2877 2886 -2990 2999 -3103 3112 -3216 3225 -3329 3338 -3442 3451 -3555 3564 -3668 3677 -3781 3790 -3894 3903 -4007 4016 -4120 4129 -4233 4242 -4346 4355 -4459 4468 -4572 4581 -4685 4694 -4798 4807 -4911 4920 -5024 5033 -5137 5146 -5250 5259 -5363 5372 -5476 5485 -5589 5598 -5702 5711 -5815 5824 5876 -5928 5937 -6041 6050 -6154 6163 -6267 6276
-53 60 -166 173 -279 286 -392 399 -505 512 -618 625 -731 738 -844 851 -957 964 -1070 1077 -1183 1190 -1296 1303 -1409 1416 -1522 1529 -1635 1642 -1748 1755 -1861 1868 -1974 1981 -2087 2094 -2200 2207 -2313 2320 -2426 2433 -2539 2546 -2652 2659 -2765 2772 -2878 2885 -2991 2998 -3104 3111 -3217 3224 -3330 3337 -3443 3450 -3556 3563 -3669 3676 -3782 3789 -3895 3902 -4008 4015 -4121 4128 -4234 4241 -4347 4354 -4460 4467 -4573 4580 -4686 4693 -4799 4806 -4912 4919 -5025 5032 -5138 5145 -5251 5258 -5364 5371 -5477 5484 -5590 5597 -5703 5710 -5816 5823 -5929 5936 5989 -6042 6049 -6155 6162 -6268 6275
-54 59 -167 172 -280 285 -393 398 -506 511 -619 624 -732 737 -845 850 -958 963 -1071 1076 -1184 1189 -1297 1302 -1410 1415 -1523 1528 -1636 1641 -1749 1754 -1862 1867 -1975 1980 -2088 2093 -2201 2206 -2314 2319 -2427 2432 -2540 2545 -2653 2658 -2766 2771 -2879 2884 -2992 2997 -3105 3110 -3218 3223 -3331 3336 -3444 3449 -3557 3562 -3670 3675 -3783 3788 -3896 3901 -4009 4014 -4122 4127 -4235 4240 -4348 4353 -4461 4466 -4574 4579 -4687 4692 -4800 4805 -4913 4918 -5026 5031 -5139 5144 -5252 5257 -5365 5370 -5478 5483 -5591 5596 -5704 5709 -5817 5822 -5930 5935 -6043 6048 6102 -6156 6161 -6269 6274
-55 58 -168 171 -281 284 -394 397 -507 510 -620 623 -733 736 -846 849 -959 962 -1072 1075 -1185 1188 -1298 1301 -1411 1414 -1524 1527 -1637 1640 -1750 1753 -1863 1866 -1976 1979 -2089 2092 -2202 2205 -2315 2318 -2428 2431 -2541 2544 -2654 2657 -2767 2770 -2880 2883 -2993 2996 -3106 3109 -3219 3222 -3332 3335 -3445 3448 -3558 3561 -3671 3674 -3784 3787 -3897 3900 -4010 4013 -4123 4126 -4236 4239 -4349 4352 -4462 4465 -4575 4578 -4688 4691 -4801 4804 -4914 4917 -5027 5030 -5140 5143 -5253 5256 -5366 5369 -5479 5482 -5592 5595 -5705 5708 -5818 5821 -5931 5934 -6044 6047 -6157 6160 6215 -6270 6273
-56 57 -169 170 -282 283 -395 396 -508 509 -621 622 -734 735 -847 848 -960 961 -1073 1074 -1186 1187 -1299 1300 -1412 1413 -1525 1526 -1638 1639 -1751 1752 -1864 1865 -1977 1978 -2090 2091 -2203 2204 -2316 2317 -2429 2430 -2542 2543 -2655 2656 -2768 2769 -2881 2882 -2994 2995 -3107 3108 -3220 3221 -3333 3334 -3446 3447 -3559 3560 -3672 3673 -3785 3786 -3898 3899 -4011 4012 -4124 4125 -4237 4238 -4350 4351 -4463 4464 -4576 4577 -4689 4690 -4802 4803 -4915 4916 -5028 5029 -5141 5142 -5254 5255 -5367 5368 -5480 5481 -5593 5594 -5706 5707 -5819 5820 -5932 5933 -6045 6046 -6158 6159 -6271 6272 6328
