2209
-1 46 47 -48 93 -95 140 -142 187 -189 234 -236 281 -283 328 -330 375 -377 422 -424 469 -471 516 -518 563 -565 610 -612 657 -659 704 -706 751 -753 798 -800 845 -847 892 -894 939 -941 986 -988 1033 -1035 1080
-2 45 -49 92 94 -96 139 -143 186 -190 233 -237 280 -284 327 -331 374 -378 421 -425 468 -472 515 -519 562 -566 609 -613 656 -660 703 -707 750 -754 797 -801 844 -848 891 -895 938 -942 985 -989 1032 -1036 1079
-3 44 -50 91 -97 138 141 -144 185 -191 232 -238 279 -285 326 -332 373 -379 420 -426 467 -473 514 -520 561 -567 608 -614 655 -661 702 -708 749 -755 796 -802 843 -849 890 -896 937 -943 984 -990 1031 -1037 1078
-4 43 -51 90 -98 137 -145 184 188 -192 231 -239 278 -286 325 -333 372 -380 419 -427 466 -474 513 -521 560 -568 607 -615 654 -662 701 -709 748 -756 795 -803 842 -850 889 -897 936 -944 983 -991 1030 -1038 1077
-5 42 -52 89 -99 136 -146 183 -193 230 235 -240 277 -287 324 -334 371 -381 418 -428 465 -475 512 -522 559 -569 606 -616 653 -663 700 -710 747 -757 794 -804 841 -851 888 -898 935 -945 982 -992 1029 -1039 1076
-6 41 -53 88 -100 135 -147 182 -194 229 -241 276 282 -288 323 -335 370 -382 417 -429 464 -476 511 -523 558 -570 605 -617 652 -664 699 -711 746 -758 793 -805 840 -852 887 -899 934 -946 981 -993 1028 -1040 1075
-7 40 -54 87 -101 134 -148 181 -195 228 -242 275 -289 322 329 -336 369 -383 416 -430 463 -477 510 -524 557 -571 604 -618 651 -665 698 -712 745 -759 792 -806 839 -853 886 -900 933 -947 980 -994 1027 -1041 1074
-8 39 -55 86 -102 133 -149 180 -196 227 -243 274 -290 321 -337 368 376 -384 415 -431 462 -478 509 -525 556 -572 603 -619 650 -666 697 -713 744 -760 791 -807 838 -854 885 -901 932 -948 979 -995 1026 -1042 1073
-9 38 -56 85 -103 132 -150 179 -197 226 -244 273 -291 320 -338 367 -385 414 423 -432 461 -479 508 -526 555 -573 602 -620 649 -667 696 -714 743 -761 790 -808 837 -855 884 -902 931 -949 978 -996 1025 -1043 1072
-10 37 -57 84 -104 131 -151 178 -198 225 -245 272 -292 319 -339 366 -386 413 -433 460 470 -480 507 -527 554 -574 601 -621 648 -668 695 -715 742 -762 789 -809 836 -856 883 -903 930 -950 977 -997 1024 -1044 1071
-11 36 -58 83 -105 130 -152 177 -199 224 -246 271 -293 318 -340 365 -387 412 -434 459 -481 506 517 -528 553 -575 600 -622 647 -669 694 -716 741 -763 788 -810 835 -857 882 -904 929 -951 976 -998 1023 -1045 1070
-12 35 -59 82 -106 129 -153 176 -200 223 -247 270 -294 317 -341 364 -388 411 -435 458 -482 505 -529 552 564 -576 599 -623 646 -670 693 -717 740 -764 787 -811 834 -858 881 -905 928 -952 975 -999 1022 -1046 1069
-13 34 -60 81 -107 128 -154 175 -201 222 -248 269 -295 316 -342 363 -389 410 -436 457 -483 504 -530 551 -577 598 611 -624 645 -671 692 -718 739 -765 786 -812 833 -859 880 -906 927 -953 974 -1000 1021 -1047 1068
-14 33 -61 80 -108 127 -155 174 -202 221 -249 268 -296 315 -343 362 -390 409 -437 456 -484 503 -531 550 -578 597 -625 644 658 -672 691 -719 738 -766 785 -813 832 -860 879 -907 926 -954 973 -1001 1020 -1048 1067
-15 32 -62 79 -109 126 -156 173 -203 220 -250 267 -297 314 -344 361 -391 408 -438 455 -485 502 -532 549 -579 596 -626 643 -673 690 705 -720 737 -767 784 -814 831 -861 878 -908 925 -955 972 -1002 1019 -1049 1066
-16 31 -63 78 -110 125 -157 172 -204 219 -251 266 -298 313 -345 360 -392 407 -439 454 -486 501 -533 548 -580 595 -627 642 -674 689 -721 736 752 -768 783 -815 830 -862 877 -909 924 -956 971 -1003 1018 -1050 1065
-17 30 -64 77 -111 124 -158 171 -205 218 -252 265 -299 312 -346 359 -393 406 -440 453 -487 500 -534 547 -581 594 -628 641 -675 688 -722 735 -769 782 799 -816 829 -863 876 -910 923 -957 970 -1004 1017 -1051 1064
-18 29 -65 76 -112 123 -159 170 -206 217 -253 264 -300 311 -347 358 -394 405 -441 452 -488 499 -535 546 -582 593 -629 640 -676 687 -723 734 -770 781 -817 828 846 -864 875 -911 922 -958 969 -1005 1016 -1052 1063
-19 28 -66 75 -113 122 -160 169 -207 216 -254 263 -301 310 -348 357 -395 404 -442 451 -489 498 -536 545 -583 592 -630 639 -677 686 -724 733 -771 780 -818 827 -865 874 893 -912 921 -959 968 -1006 1015 -1053 1062
-20 27 -67 74 -114 121 -161 168 -208 215 -255 262 -302 309 -349 356 -396 403 -443 450 -490 497 -537 544 -584 591 -631 638 -678 685 -725 732 -772 779 -819 826 -866 873 -913 920 940 -960 967 -1007 1014 -1054 1061
-21 26 -68 73 -115 120 -162 167 -209 214 -256 261 -303 308 -350 355 -397 402 -444 449 -491 496 -538 543 -585 590 -632 637 -679 684 -726 731 -773 778 -820 825 -867 872 -914 919 -961 966 987 -1008 1013 -1055 1060
-22 25 -69 72 -116 119 -163 166 -210 213 -257 260 -304 307 -351 354 -398 401 -445 448 -492 495 -539 542 -586 589 -633 636 -680 683 -727 730 -774 777 -821 824 -868 871 -915 918 -962 965 -1009 1012 1034 -1056 1059
-23 24 -70 71 -117 118 -164 165 -211 212 -258 259 -305 306 -352 353 -399 400 -446 447 -493 494 -540 541 -587 588 -634 635 -681 682 -728 729 -775 776 -822 823 -869 870 -916 917 -963 964 -1010 1011 -1057 1058 1081
