5041
-1 70 71 -72 141 -143 212 -214 283 -285 354 -356 425 -427 496 -498 567 -569 638 -640 709 -711 780 -782 851 -853 922 -924 993 -995 1064 -1066 1135 -1137 1206 -1208 1277 -1279 1348 -1350 1419 -1421 1490 -1492 1561 -1563 1632 -1634 1703 -1705 1774 -1776 1845 -1847 1916 -1918 1987 -1989 2058 -2060 2129 -2131 2200 -2202 2271 -2273 2342 -2344 2413 -2415 2484
-2 69 -73 140 142 -144 211 -215 282 -286 353 -357 424 -428 495 -499 566 -570 637 -641 708 -712 779 -783 850 -854 921 -925 992 -996 1063 -1067 1134 -1138 1205 -1209 1276 -1280 1347 -1351 1418 -1422 1489 -1493 1560 -1564 1631 -1635 1702 -1706 1773 -1777 1844 -1848 1915 -1919 1986 -1990 2057 -2061 2128 -2132 2199 -2203 2270 -2274 2341 -2345 2412 -2416 2483
-3 68 -74 139 -145 210 213 -216 281 -287 352 -358 423 -429 494 -500 565 -571 636 -642 707 -713 778 -784 849 -855 920 -926 991 -997 1062 -1068 1133 -1139 1204 -1210 1275 -1281 1346 -1352 1417 -1423 1488 -1494 1559 -1565 1630 -1636 1701 -1707 1772 -1778 1843 -1849 1914 -1920 1985 -1991 2056 -2062 2127 -2133 2198 -2204 2269 -2275 2340 -2346 2411 -2417 2482
-4 67 -75 138 -146 209 -217 280 284 -288 351 -359 422 -430 493 -501 564 -572 635 -643 706 -714 777 -785 848 -856 919 -927 990 -998 1061 -1069 1132 -1140 1203 -1211 1274 -1282 1345 -1353 1416 -1424 1487 -1495 1558 -1566 1629 -1637 1700 -1708 1771 -1779 1842 -1850 1913 -1921 1984 -1992 2055 -2063 2126 -2134 2197 -2205 2268 -2276 2339 -2347 2410 -2418 2481
-5 66 -76 137 -147 208 -218 279 -289 350 355 -360 421 -431 492 -502 563 -573 634 -644 705 -715 776 -786 847 -857 918 -928 989 -999 1060 -1070 1131 -1141 1202 -1212 1273 -1283 1344 -1354 1415 -1425 1486 -1496 1557 -1567 1628 -1638 1699 -1709 1770 -1780 1841 -1851 1912 -1922 1983 -1993 2054 -2064 2125 -2135 2196 -2206 2267 -2277 2338 -2348 2409 -2419 2480
-6 65 -77 136 -148 207 -219 278 -290 349 -361 420 426 -432 491 -503 562 -574 633 -645 704 -716 775 -787 846 -858 917 -929 988 -1000 1059 -1071 1130 -1142 1201 -1213 1272 -1284 1343 -1355 1414 -1426 1485 -1497 1556 -1568 1627 -1639 1698 -1710 1769 -1781 1840 -1852 1911 -1923 1982 -1994 2053 -2065 2124 -2136 2195 -2207 2266 -2278 2337 -2349 2408 -2420 2479
-7 64 -78 135 -149 206 -220 277 -291 348 -362 419 -433 490 497 -504 561 -575 632 -646 703 -717 774 -788 845 -859 916 -930 987 -1001 1058 -1072 1129 -1143 1200 -1214 1271 -1285 1342 -1356 1413 -1427 1484 -1498 1555 -1569 1626 -1640 1697 -1711 1768 -1782 1839 -1853 1910 -1924 1981 -1995 2052 -2066 2123 -2137 2194 -2208 2265 -2279 2336 -2350 2407 -2421 2478
-8 63 -79 134 -150 205 -221 276 -292 347 -363 418 -434 489 -505 560 568 -576 631 -647 702 -718 773 -789 844 -860 915 -931 986 -1002 1057 -1073 1128 -1144 1199 -1215 1270 -1286 1341 -1357 1412 -1428 1483 -1499 1554 -1570 1625 -1641 1696 -1712 1767 -1783 1838 -1854 1909 -1925 1980 -1996 2051 -2067 2122 -2138 2193 -2209 2264 -2280 2335 -2351 2406 -2422 2477
-9 62 -80 133 -151 204 -222 275 -293 346 -364 417 -435 488 -506 559 -577 630 639 -648 701 -719 772 -790 843 -861 914 -932 985 -1003 1056 -1074 1127 -1145 1198 -1216 1269 -1287 1340 -1358 1411 -1429 1482 -1500 1553 -1571 1624 -1642 1695 -1713 1766 -1784 1837 -1855 1908 -1926 1979 -1997 2050 -2068 2121 -2139 2192 -2210 2263 -2281 2334 -2352 2405 -2423 2476
-10 61 -81 132 -152 203 -223 274 -294 345 -365 416 -436 487 -507 558 -578 629 -649 700 710 -720 771 -791 842 -862 913 -933 984 -1004 1055 -1075 1126 -1146 1197 -1217 1268 -1288 1339 -1359 1410 -1430 1481 -1501 1552 -1572 1623 -1643 1694 -1714 1765 -1785 1836 -1856 1907 -1927 1978 -1998 2049 -2069 2120 -2140 2191 -2211 2262 -2282 2333 -2353 2404 -2424 2475
-11 60 -82 131 -153 202 -224 273 -295 344 -366 415 -437 486 -508 557 -579 628 -650 699 -721 770 781 -792 841 -863 912 -934 983 -1005 1054 -1076 1125 -1147 1196 -1218 1267 -1289 1338 -1360 1409 -1431 1480 -1502 1551 -1573 1622 -1644 1693 -1715 1764 -1786 1835 -1857 1906 -1928 1977 -1999 2048 -2070 2119 -2141 2190 -2212 2261 -2283 2332 -2354 2403 -2425 2474
-12 59 -83 130 -154 201 -225 272 -296 343 -367 414 -438 485 -509 556 -580 627 -651 698 -722 769 -793 840 852 -864 911 -935 982 -1006 1053 -1077 1124 -1148 1195 -1219 1266 -1290 1337 -1361 1408 -1432 1479 -1503 1550 -1574 1621 -1645 1692 -1716 1763 -1787 1834 -1858 1905 -1929 1976 -2000 2047 -2071 2118 -2142 2189 -2213 2260 -2284 2331 -2355 2402 -2426 2473
-13 58 -84 129 -155 200 -226 271 -297 342 -368 413 -439 484 -510 555 -581 626 -652 697 -723 768 -794 839 -865 910 923 -936 981 -1007 1052 -1078 1123 -1149 1194 -1220 1265 -1291 1336 -1362 1407 -1433 1478 -1504 1549 -1575 1620 -1646 1691 -1717 1762 -1788 1833 -1859 1904 -1930 1975 -2001 2046 -2072 2117 -2143 2188 -2214 2259 -2285 2330 -2356 2401 -2427 2472
-14 57 -85 128 -156 199 -227 270 -298 341 -369 412 -440 483 -511 554 -582 625 -653 696 -724 767 -795 838 -866 909 -937 980 994 -1008 1051 -1079 1122 -1150 1193 -1221 1264 -1292 1335 -1363 1406 -1434 1477 -1505 1548 -1576 1619 -1647 1690 -1718 1761 -1789 1832 -1860 1903 -1931 1974 -2002 2045 -2073 2116 -2144 2187 -2215 2258 -2286 2329 -2357 2400 -2428 2471
-15 56 -86 127 -157 198 -228 269 -299 340 -370 411 -441 482 -512 553 -583 624 -654 695 -725 766 -796 837 -867 908 -938 979 -1009 1050 1065 -1080 1121 -1151 1192 -1222 1263 -1293 1334 -1364 1405 -1435 1476 -1506 1547 -1577 1618 -1648 1689 -1719 1760 -1790 1831 -1861 1902 -1932 1973 -2003 2044 -2074 2115 -2145 2186 -2216 2257 -2287 2328 -2358 2399 -2429 2470
-16 55 -87 126 -158 197 -229 268 -300 339 -371 410 -442 481 -513 552 -584 623 -655 694 -726 765 -797 836 -868 907 -939 978 -1010 1049 -1081 1120 1136 -1152 1191 -1223 1262 -1294 1333 -1365 1404 -1436 1475 -1507 1546 -1578 1617 -1649 1688 -1720 1759 -1791 1830 -1862 1901 -1933 1972 -2004 2043 -2075 2114 -2146 2185 -2217 2256 -2288 2327 -2359 2398 -2430 2469
-17 54 -88 125 -159 196 -230 267 -301 338 -372 409 -443 480 -514 551 -585 622 -656 693 -727 764 -798 835 -869 906 -940 977 -1011 1048 -1082 1119 -1153 1190 1207 -1224 1261 -1295 1332 -1366 1403 -1437 1474 -1508 1545 -1579 1616 -1650 1687 -1721 1758 -1792 1829 -1863 1900 -1934 1971 -2005 2042 -2076 2113 -2147 2184 -2218 2255 -2289 2326 -2360 2397 -2431 2468
-18 53 -89 124 -160 195 -231 266 -302 337 -373 408 -444 479 -515 550 -586 621 -657 692 -728 763 -799 834 -870 905 -941 976 -1012 1047 -1083 1118 -1154 1189 -1225 1260 1278 -1296 1331 -1367 1402 -1438 1473 -1509 1544 -1580 1615 -1651 1686 -1722 1757 -1793 1828 -1864 1899 -1935 1970 -2006 2041 -2077 2112 -2148 2183 -2219 2254 -2290 2325 -2361 2396 -2432 2467
-19 52 -90 123 -161 194 -232 265 -303 336 -374 407 -445 478 -516 549 -587 620 -658 691 -729 762 -800 833 -871 904 -942 975 -1013 1046 -1084 1117 -1155 1188 -1226 1259 -1297 1330 1349 -1368 1401 -1439 1472 -1510 1543 -1581 1614 -1652 1685 -1723 1756 -1794 1827 -1865 1898 -1936 1969 -2007 2040 -2078 2111 -2149 2182 -2220 2253 -2291 2324 -2362 2395 -2433 2466
-20 51 -91 122 -162 193 -233 264 -304 335 -375 406 -446 477 -517 548 -588 619 -659 690 -730 761 -801 832 -872 903 -943 974 -1014 1045 -1085 1116 -1156 1187 -1227 1258 -1298 1329 -1369 1400 1420 -1440 1471 -1511 1542 -1582 1613 -1653 1684 -1724 1755 -1795 1826 -1866 1897 -1937 1968 -2008 2039 -2079 2110 -2150 2181 -2221 2252 -2292 2323 -2363 2394 -2434 2465
-21 50 -92 121 -163 192 -234 263 -305 334 -376 405 -447 476 -518 547 -589 618 -660 689 -731 760 -802 831 -873 902 -944 973 -1015 1044 -1086 1115 -1157 1186 -1228 1257 -1299 1328 -1370 1399 -1441 1470 1491 -1512 1541 -1583 1612 -1654 1683 -1725 1754 -1796 1825 -1867 1896 -1938 1967 -2009 2038 -2080 2109 -2151 2180 -2222 2251 -2293 2322 -2364 2393 -2435 2464
-22 49 -93 120 -164 191 -235 262 -306 333 -377 404 -448 475 -519 546 -590 617 -661 688 -732 759 -803 830 -874 901 -945 972 -1016 1043 -1087 1114 -1158 1185 -1229 1256 -1300 1327 -1371 1398 -1442 1469 -1513 1540 1562 -1584 1611 -1655 1682 -1726 1753 -1797 1824 -1868 1895 -1939 1966 -2010 2037 -2081 2108 -2152 2179 -2223 2250 -2294 2321 -2365 2392 -2436 2463
-23 48 -94 119 -165 190 -236 261 -307 332 -378 403 -449 474 -520 545 -591 616 -662 687 -733 758 -804 829 -875 900 -946 971 -1017 1042 -1088 1113 -1159 1184 -1230 1255 -1301 1326 -1372 1397 -1443 1468 -1514 1539 -1585 1610 1633 -1656 1681 -1727 1752 -1798 1823 -1869 1894 -1940 1965 -2011 2036 -2082 2107 -2153 2178 -2224 2249 -2295 2320 -2366 2391 -2437 2462
-24 47 -95 118 -166 189 -237 260 -308 331 -379 402 -450 473 -521 544 -592 615 -663 686 -734 757 -805 828 -876 899 -947 970 -1018 1041 -1089 1112 -1160 1183 -1231 1254 -1302 1325 -1373 1396 -1444 1467 -1515 1538 -1586 1609 -1657 1680 1704 -1728 1751 -1799 1822 -1870 1893 -1941 1964 -2012 2035 -2083 2106 -2154 2177 -2225 2248 -2296 2319 -2367 2390 -2438 2461
-25 46 -96 117 -167 188 -238 259 -309 330 -380 401 -451 472 -522 543 -593 614 -664 685 -735 756 -806 827 -877 898 -948 969 -1019 1040 -1090 1111 -1161 1182 -1232 1253 -1303 1324 -1374 1395 -1445 1466 -1516 1537 -1587 1608 -1658 1679 -1729 1750 1775 -1800 1821 -1871 1892 -1942 1963 -2013 2034 -2084 2105 -2155 2176 -2226 2247 -2297 2318 -2368 2389 -2439 2460
-26 45 -97 116 -168 187 -239 258 -310 329 -381 400 -452 471 -523 542 -594 613 -665 684 -736 755 -807 826 -878 897 -949 968 -1020 1039 -1091 1110 -1162 1181 -1233 1252 -1304 1323 -1375 1394 -1446 1465 -1517 1536 -1588 1607 -1659 1678 -1730 1749 -1801 1820 1846 -1872 1891 -1943 1962 -2014 2033 -2085 2104 -2156 2175 -2227 2246 -2298 2317 -2369 2388 -2440 2459
-27 44 -98 115 -169 186 -240 257 -311 328 -382 399 -453 470 -524 541 -595 612 -666 683 -737 754 -808 825 -879 896 -950 967 -1021 1038 -1092 1109 -1163 1180 -1234 1251 -1305 1322 -1376 1393 -1447 1464 -1518 1535 -1589 1606 -1660 1677 -1731 1748 -1802 1819 -1873 1890 1917 -1944 1961 -2015 2032 -2086 2103 -2157 2174 -2228 2245 -2299 2316 -2370 2387 -2441 2458
-28 43 -99 114 -170 185 -241 256 -312 327 -383 398 -454 469 -525 540 -596 611 -667 682 -738 753 -809 824 -880 895 -951 966 -1022 1037 -1093 1108 -1164 1179 -1235 1250 -1306 1321 -1377 1392 -1448 1463 -1519 1534 -1590 1605 -1661 1676 -1732 1747 -1803 1818 -1874 1889 -1945 1960 1988 -2016 2031 -2087 2102 -2158 2173 -2229 2244 -2300 2315 -2371 2386 -2442 2457
-29 42 -100 113 -171 184 -242 255 -313 326 -384 397 -455 468 -526 539 -597 610 -668 681 -739 752 -810 823 -881 894 -952 965 -1023 1036 -1094 1107 -1165 1178 -1236 1249 -1307 1320 -1378 1391 -1449 1462 -1520 1533 -1591 1604 -1662 1675 -1733 1746 -1804 1817 -1875 1888 -1946 1959 -2017 2030 2059 -2088 2101 -2159 2172 -2230 2243 -2301 2314 -2372 2385 -2443 2456
-30 41 -101 112 -172 183 -243 254 -314 325 -385 396 -456 467 -527 538 -598 609 -669 680 -740 751 -811 822 -882 893 -953 964 -1024 1035 -1095 1106 -1166 1177 -1237 1248 -1308 1319 -1379 1390 -1450 1461 -1521 1532 -1592 1603 -1663 1674 -1734 1745 -1805 1816 -1876 1887 -1947 1958 -2018 2029 -2089 2100 2130 -2160 2171 -2231 2242 -2302 2313 -2373 2384 -2444 2455
-31 40 -102 111 -173 182 -244 253 -315 324 -386 395 -457 466 -528 537 -599 608 -670 679 -741 750 -812 821 -883 892 -954 963 -1025 1034 -1096 1105 -1167 1176 -1238 1247 -1309 1318 -1380 1389 -1451 1460 -1522 1531 -1593 1602 -1664 1673 -1735 1744 -1806 1815 -1877 1886 -1948 1957 -2019 2028 -2090 2099 -2161 2170 2201 -2232 2241 -2303 2312 -2374 2383 -2445 2454
-32 39 -103 110 -174 181 -245 252 -316 323 -387 394 -458 465 -529 536 -600 607 -671 678 -742 749 -813 820 -884 891 -955 962 -1026 1033 -1097 1104 -1168 1175 -1239 1246 -1310 1317 -1381 1388 -1452 1459 -1523 1530 -1594 1601 -1665 1672 -1736 1743 -1807 1814 -1878 1885 -1949 1956 -2020 2027 -2091 2098 -2162 2169 -2233 2240 2272 -2304 2311 -2375 2382 -2446 2453
-33 38 -104 109 -175 180 -246 251 -317 322 -388 393 -459 464 -530 535 -601 606 -672 677 -743 748 -814 819 -885 890 -956 961 -1027 1032 -1098 1103 -1169 1174 -1240 1245 -1311 1316 -1382 1387 -1453 1458 -1524 1529 -1595 1600 -1666 1671 -1737 1742 -1808 1813 -1879 1884 -1950 1955 -2021 2026 -2092 2097 -2163 2168 -2234 2239 -2305 2310 2343 -2376 2381 -2447 2452
-34 37 -105 108 -176 179 -247 250 -318 321 -389 392 -460 463 -531 534 -602 605 -673 676 -744 747 -815 818 -886 889 -957 960 -1028 1031 -1099 1102 -1170 1173 -1241 1244 -1312 1315 -1383 1386 -1454 1457 -1525 1528 -1596 1599 -1667 1670 -1738 1741 -1809 1812 -1880 1883 -1951 1954 -2022 2025 -2093 2096 -2164 2167 -2235 2238 -2306 2309 -2377 2380 2414 -2448 2451
-35 36 -106 107 -177 178 -248 249 -319 320 -390 391 -461 462 -532 533 -603 604 -674 675 -745 746 -816 817 -887 888 -958 959 -1029 1030 -1100 1101 -1171 1172 -1242 1243 -1313 1314 -1384 1385 -1455 1456 -1526 1527 -1597 1598 -1668 1669 -1739 1740 -1810 1811 -1881 1882 -1952 1953 -2023 2024 -2094 2095 -2165 2166 -2236 2237 -2307 2308 -2378 2379 -2449 2450 2485
