6889
-1 82 83 -84 165 -167 248 -250 331 -333 414 -416 497 -499 580 -582 663 -665 746 -748 829 -831 912 -914 995 -997 1078 -1080 1161 -1163 1244 -1246 1327 -1329 1410 -1412 1493 -1495 1576 -1578 1659 -1661 1742 -1744 1825 -1827 1908 -1910 1991 -1993 2074 -2076 2157 -2159 2240 -2242 2323 -2325 2406 -2408 2489 -2491 2572 -2574 2655 -2657 2738 -2740 2821 -2823 2904 -2906 2987 -2989 3070 -3072 3153 -3155 3236 -3238 3319 -3321 3402
-2 81 -85 164 166 -168 247 -251 330 -334 413 -417 496 -500 579 -583 662 -666 745 -749 828 -832 911 -915 994 -998 1077 -1081 1160 -1164 1243 -1247 1326 -1330 1409 -1413 1492 -1496 1575 -1579 1658 -1662 1741 -1745 1824 -1828 1907 -1911 1990 -1994 2073 -2077 2156 -2160 2239 -2243 2322 -2326 2405 -2409 2488 -2492 2571 -2575 2654 -2658 2737 -2741 2820 -2824 2903 -2907 2986 -2990 3069 -3073 3152 -3156 3235 -3239 3318 -3322 3401
-3 80 -86 163 -169 246 249 -252 329 -335 412 -418 495 -501 578 -584 661 -667 744 -750 827 -833 910 -916 993 -999 1076 -1082 1159 -1165 1242 -1248 1325 -1331 1408 -1414 1491 -1497 1574 -1580 1657 -1663 1740 -1746 1823 -1829 1906 -1912 1989 -1995 2072 -2078 2155 -2161 2238 -2244 2321 -2327 2404 -2410 2487 -2493 2570 -2576 2653 -2659 2736 -2742 2819 -2825 2902 -2908 2985 -2991 3068 -3074 3151 -3157 3234 -3240 3317 -3323 3400
-4 79 -87 162 -170 245 -253 328 332 -336 411 -419 494 -502 577 -585 660 -668 743 -751 826 -834 909 -917 992 -1000 1075 -1083 1158 -1166 1241 -1249 1324 -1332 1407 -1415 1490 -1498 1573 -1581 1656 -1664 1739 -1747 1822 -1830 1905 -1913 1988 -1996 2071 -2079 2154 -2162 2237 -2245 2320 -2328 2403 -2411 2486 -2494 2569 -2577 2652 -2660 2735 -2743 2818 -2826 2901 -2909 2984 -2992 3067 -3075 3150 -3158 3233 -3241 3316 -3324 3399
-5 78 -88 161 -171 244 -254 327 -337 410 415 -420 493 -503 576 -586 659 -669 742 -752 825 -835 908 -918 991 -1001 1074 -1084 1157 -1167 1240 -1250 1323 -1333 1406 -1416 1489 -1499 1572 -1582 1655 -1665 1738 -1748 1821 -1831 1904 -1914 1987 -1997 2070 -2080 2153 -2163 2236 -2246 2319 -2329 2402 -2412 2485 -2495 2568 -2578 2651 -2661 2734 -2744 2817 -2827 2900 -2910 2983 -2993 3066 -3076 3149 -3159 3232 -3242 3315 -3325 3398
-6 77 -89 160 -172 243 -255 326 -338 409 -421 492 498 -504 575 -587 658 -670 741 -753 824 -836 907 -919 990 -1002 1073 -1085 1156 -1168 1239 -1251 1322 -1334 1405 -1417 1488 -1500 1571 -1583 1654 -1666 1737 -1749 1820 -1832 1903 -1915 1986 -1998 2069 -2081 2152 -2164 2235 -2247 2318 -2330 2401 -2413 2484 -2496 2567 -2579 2650 -2662 2733 -2745 2816 -2828 2899 -2911 2982 -2994 3065 -3077 3148 -3160 3231 -3243 3314 -3326 3397
-7 76 -90 159 -173 242 -256 325 -339 408 -422 491 -505 574 581 -588 657 -671 740 -754 823 -837 906 -920 989 -1003 1072 -1086 1155 -1169 1238 -1252 1321 -1335 1404 -1418 1487 -1501 1570 -1584 1653 -1667 1736 -1750 1819 -1833 1902 -1916 1985 -1999 2068 -2082 2151 -2165 2234 -2248 2317 -2331 2400 -2414 2483 -2497 2566 -2580 2649 -2663 2732 -2746 2815 -2829 2898 -2912 2981 -2995 3064 -3078 3147 -3161 3230 -3244 3313 -3327 3396
-8 75 -91 158 -174 241 -257 324 -340 407 -423 490 -506 573 -589 656 664 -672 739 -755 822 -838 905 -921 988 -1004 1071 -1087 1154 -1170 1237 -1253 1320 -1336 1403 -1419 1486 -1502 1569 -1585 1652 -1668 1735 -1751 1818 -1834 1901 -1917 1984 -2000 2067 -2083 2150 -2166 2233 -2249 2316 -2332 2399 -2415 2482 -2498 2565 -2581 2648 -2664 2731 -2747 2814 -2830 2897 -2913 2980 -2996 3063 -3079 3146 -3162 3229 -3245 3312 -3328 3395
-9 74 -92 157 -175 240 -258 323 -341 406 -424 489 -507 572 -590 655 -673 738 747 -756 821 -839 904 -922 987 -1005 1070 -1088 1153 -1171 1236 -1254 1319 -1337 1402 -1420 1485 -1503 1568 -1586 1651 -1669 1734 -1752 1817 -1835 1900 -1918 1983 -2001 2066 -2084 2149 -2167 2232 -2250 2315 -2333 2398 -2416 2481 -2499 2564 -2582 2647 -2665 2730 -2748 2813 -2831 2896 -2914 2979 -2997 3062 -3080 3145 -3163 3228 -3246 3311 -3329 3394
-10 73 -93 156 -176 239 -259 322 -342 405 -425 488 -508 571 -591 654 -674 737 -757 820 830 -840 903 -923 986 -1006 1069 -1089 1152 -1172 1235 -1255 1318 -1338 1401 -1421 1484 -1504 1567 -1587 1650 -1670 1733 -1753 1816 -1836 1899 -1919 1982 -2002 2065 -2085 2148 -2168 2231 -2251 2314 -2334 2397 -2417 2480 -2500 2563 -2583 2646 -2666 2729 -2749 2812 -2832 2895 -2915 2978 -2998 3061 -3081 3144 -3164 3227 -3247 3310 -3330 3393
-11 72 -94 155 -177 238 -260 321 -343 404 -426 487 -509 570 -592 653 -675 736 -758 819 -841 902 913 -924 985 -1007 1068 -1090 1151 -1173 1234 -1256 1317 -1339 1400 -1422 1483 -1505 1566 -1588 1649 -1671 1732 -1754 1815 -1837 1898 -1920 1981 -2003 2064 -2086 2147 -2169 2230 -2252 2313 -2335 2396 -2418 2479 -2501 2562 -2584 2645 -2667 2728 -2750 2811 -2833 2894 -2916 2977 -2999 3060 -3082 3143 -3165 3226 -3248 3309 -3331 3392
-12 71 -95 154 -178 237 -261 320 -344 403 -427 486 -510 569 -593 652 -676 735 -759 818 -842 901 -925 984 996 -1008 1067 -1091 1150 -1174 1233 -1257 1316 -1340 1399 -1423 1482 -1506 1565 -1589 1648 -1672 1731 -1755 1814 -1838 1897 -1921 1980 -2004 2063 -2087 2146 -2170 2229 -2253 2312 -2336 2395 -2419 2478 -2502 2561 -2585 2644 -2668 2727 -2751 2810 -2834 2893 -2917 2976 -3000 3059 -3083 3142 -3166 3225 -3249 3308 -3332 3391
-13 70 -96 153 -179 236 -262 319 -345 402 -428 485 -511 568 -594 651 -677 734 -760 817 -843 900 -926 983 -1009 1066 1079 -1092 1149 -1175 1232 -1258 1315 -1341 1398 -1424 1481 -1507 1564 -1590 1647 -1673 1730 -1756 1813 -1839 1896 -1922 1979 -2005 2062 -2088 2145 -2171 2228 -2254 2311 -2337 2394 -2420 2477 -2503 2560 -2586 2643 -2669 2726 -2752 2809 -2835 2892 -2918 2975 -3001 3058 -3084 3141 -3167 3224 -3250 3307 -3333 3390
-14 69 -97 152 -180 235 -263 318 -346 401 -429 484 -512 567 -595 650 -678 733 -761 816 -844 899 -927 982 -1010 1065 -1093 1148 1162 -1176 1231 -1259 1314 -1342 1397 -1425 1480 -1508 1563 -1591 1646 -1674 1729 -1757 1812 -1840 1895 -1923 1978 -2006 2061 -2089 2144 -2172 2227 -2255 2310 -2338 2393 -2421 2476 -2504 2559 -2587 2642 -2670 2725 -2753 2808 -2836 2891 -2919 2974 -3002 3057 -3085 3140 -3168 3223 -3251 3306 -3334 3389
-15 68 -98 151 -181 234 -264 317 -347 400 -430 483 -513 566 -596 649 -679 732 -762 815 -845 898 -928 981 -1011 1064 -1094 1147 -1177 1230 1245 -1260 1313 -1343 1396 -1426 1479 -1509 1562 -1592 1645 -1675 1728 -1758 1811 -1841 1894 -1924 1977 -2007 2060 -2090 2143 -2173 2226 -2256 2309 -2339 2392 -2422 2475 -2505 2558 -2588 2641 -2671 2724 -2754 2807 -2837 2890 -2920 2973 -3003 3056 -3086 3139 -3169 3222 -3252 3305 -3335 3388
-16 67 -99 150 -182 233 -265 316 -348 399 -431 482 -514 565 -597 648 -680 731 -763 814 -846 897 -929 980 -1012 1063 -1095 1146 -1178 1229 -1261 1312 1328 -1344 1395 -1427 1478 -1510 1561 -1593 1644 -1676 1727 -1759 1810 -1842 1893 -1925 1976 -2008 2059 -2091 2142 -2174 2225 -2257 2308 -2340 2391 -2423 2474 -2506 2557 -2589 2640 -2672 2723 -2755 2806 -2838 2889 -2921 2972 -3004 3055 -3087 3138 -3170 3221 -3253 3304 -3336 3387
-17 66 -100 149 -183 232 -266 315 -349 398 -432 481 -515 564 -598 647 -681 730 -764 813 -847 896 -930 979 -1013 1062 -1096 1145 -1179 1228 -1262 1311 -1345 1394 1411 -1428 1477 -1511 1560 -1594 1643 -1677 1726 -1760 1809 -1843 1892 -1926 1975 -2009 2058 -2092 2141 -2175 2224 -2258 2307 -2341 2390 -2424 2473 -2507 2556 -2590 2639 -2673 2722 -2756 2805 -2839 2888 -2922 2971 -3005 3054 -3088 3137 -3171 3220 -3254 3303 -3337 3386
-18 65 -101 148 -184 231 -267 314 -350 397 -433 480 -516 563 -599 646 -682 729 -765 812 -848 895 -931 978 -1014 1061 -1097 1144 -1180 1227 -1263 1310 -1346 1393 -1429 1476 1494 -1512 1559 -1595 1642 -1678 1725 -1761 1808 -1844 1891 -1927 1974 -2010 2057 -2093 2140 -2176 2223 -2259 2306 -2342 2389 -2425 2472 -2508 2555 -2591 2638 -2674 2721 -2757 2804 -2840 2887 -2923 2970 -3006 3053 -3089 3136 -3172 3219 -3255 3302 -3338 3385
-19 64 -102 147 -185 230 -268 313 -351 396 -434 479 -517 562 -600 645 -683 728 -766 811 -849 894 -932 977 -1015 1060 -1098 1143 -1181 1226 -1264 1309 -1347 1392 -1430 1475 -1513 1558 1577 -1596 1641 -1679 1724 -1762 1807 -1845 1890 -1928 1973 -2011 2056 -2094 2139 -2177 2222 -2260 2305 -2343 2388 -2426 2471 -2509 2554 -2592 2637 -2675 2720 -2758 2803 -2841 2886 -2924 2969 -3007 3052 -3090 3135 -3173 3218 -3256 3301 -3339 3384
-20 63 -103 146 -186 229 -269 312 -352 395 -435 478 -518 561 -601 644 -684 727 -767 810 -850 893 -933 976 -1016 1059 -1099 1142 -1182 1225 -1265 1308 -1348 1391 -1431 1474 -1514 1557 -1597 1640 1660 -1680 1723 -1763 1806 -1846 1889 -1929 1972 -2012 2055 -2095 2138 -2178 2221 -2261 2304 -2344 2387 -2427 2470 -2510 2553 -2593 2636 -2676 2719 -2759 2802 -2842 2885 -2925 2968 -3008 3051 -3091 3134 -3174 3217 -3257 3300 -3340 3383
-21 62 -104 145 -187 228 -270 311 -353 394 -436 477 -519 560 -602 643 -685 726 -768 809 -851 892 -934 975 -1017 1058 -1100 1141 -1183 1224 -1266 1307 -1349 1390 -1432 1473 -1515 1556 -1598 1639 -1681 1722 1743 -1764 1805 -1847 1888 -1930 1971 -2013 2054 -2096 2137 -2179 2220 -2262 2303 -2345 2386 -2428 2469 -2511 2552 -2594 2635 -2677 2718 -2760 2801 -2843 2884 -2926 2967 -3009 3050 -3092 3133 -3175 3216 -3258 3299 -3341 3382
-22 61 -105 144 -188 227 -271 310 -354 393 -437 476 -520 559 -603 642 -686 725 -769 808 -852 891 -935 974 -1018 1057 -1101 1140 -1184 1223 -1267 1306 -1350 1389 -1433 1472 -1516 1555 -1599 1638 -1682 1721 -1765 1804 1826 -1848 1887 -1931 1970 -2014 2053 -2097 2136 -2180 2219 -2263 2302 -2346 2385 -2429 2468 -2512 2551 -2595 2634 -2678 2717 -2761 2800 -2844 2883 -2927 2966 -3010 3049 -3093 3132 -3176 3215 -3259 3298 -3342 3381
-23 60 -106 143 -189 226 -272 309 -355 392 -438 475 -521 558 -604 641 -687 724 -770 807 -853 890 -936 973 -1019 1056 -1102 1139 -1185 1222 -1268 1305 -1351 1388 -1434 1471 -1517 1554 -1600 1637 -1683 1720 -1766 1803 -1849 1886 1909 -1932 1969 -2015 2052 -2098 2135 -2181 2218 -2264 2301 -2347 2384 -2430 2467 -2513 2550 -2596 2633 -2679 2716 -2762 2799 -2845 2882 -2928 2965 -3011 3048 -3094 3131 -3177 3214 -3260 3297 -3343 3380
-24 59 -107 142 -190 225 -273 308 -356 391 -439 474 -522 557 -605 640 -688 723 -771 806 -854 889 -937 972 -1020 1055 -1103 1138 -1186 1221 -1269 1304 -1352 1387 -1435 1470 -1518 1553 -1601 1636 -1684 1719 -1767 1802 -1850 1885 -1933 1968 1992 -2016 2051 -2099 2134 -2182 2217 -2265 2300 -2348 2383 -2431 2466 -2514 2549 -2597 2632 -2680 2715 -2763 2798 -2846 2881 -2929 2964 -3012 3047 -3095 3130 -3178 3213 -3261 3296 -3344 3379
-25 58 -108 141 -191 224 -274 307 -357 390 -440 473 -523 556 -606 639 -689 722 -772 805 -855 888 -938 971 -1021 1054 -1104 1137 -1187 1220 -1270 1303 -1353 1386 -1436 1469 -1519 1552 -1602 1635 -1685 1718 -1768 1801 -1851 1884 -1934 1967 -2017 2050 2075 -2100 2133 -2183 2216 -2266 2299 -2349 2382 -2432 2465 -2515 2548 -2598 2631 -2681 2714 -2764 2797 -2847 2880 -2930 2963 -3013 3046 -3096 3129 -3179 3212 -3262 3295 -3345 3378
-26 57 -109 140 -192 223 -275 306 -358 389 -441 472 -524 555 -607 638 -690 721 -773 804 -856 887 -939 970 -1022 1053 -1105 1136 -1188 1219 -1271 1302 -1354 1385 -1437 1468 -1520 1551 -1603 1634 -1686 1717 -1769 1800 -1852 1883 -1935 1966 -2018 2049 -2101 2132 2158 -2184 2215 -2267 2298 -2350 2381 -2433 2464 -2516 2547 -2599 2630 -2682 2713 -2765 2796 -2848 2879 -2931 2962 -3014 3045 -3097 3128 -3180 3211 -3263 3294 -3346 3377
-27 56 -110 139 -193 222 -276 305 -359 388 -442 471 -525 554 -608 637 -691 720 -774 803 -857 886 -940 969 -1023 1052 -1106 1135 -1189 1218 -1272 1301 -1355 1384 -1438 1467 -1521 1550 -1604 1633 -1687 1716 -1770 1799 -1853 1882 -1936 1965 -2019 2048 -2102 2131 -2185 2214 2241 -2268 2297 -2351 2380 -2434 2463 -2517 2546 -2600 2629 -2683 2712 -2766 2795 -2849 2878 -2932 2961 -3015 3044 -3098 3127 -3181 3210 -3264 3293 -3347 3376
-28 55 -111 138 -194 221 -277 304 -360 387 -443 470 -526 553 -609 636 -692 719 -775 802 -858 885 -941 968 -1024 1051 -1107 1134 -1190 1217 -1273 1300 -1356 1383 -1439 1466 -1522 1549 -1605 1632 -1688 1715 -1771 1798 -1854 1881 -1937 1964 -2020 2047 -2103 2130 -2186 2213 -2269 2296 2324 -2352 2379 -2435 2462 -2518 2545 -2601 2628 -2684 2711 -2767 2794 -2850 2877 -2933 2960 -3016 3043 -3099 3126 -3182 3209 -3265 3292 -3348 3375
-29 54 -112 137 -195 220 -278 303 -361 386 -444 469 -527 552 -610 635 -693 718 -776 801 -859 884 -942 967 -1025 1050 -1108 1133 -1191 1216 -1274 1299 -1357 1382 -1440 1465 -1523 1548 -1606 1631 -1689 1714 -1772 1797 -1855 1880 -1938 1963 -2021 2046 -2104 2129 -2187 2212 -2270 2295 -2353 2378 2407 -2436 2461 -2519 2544 -2602 2627 -2685 2710 -2768 2793 -2851 2876 -2934 2959 -3017 3042 -3100 3125 -3183 3208 -3266 3291 -3349 3374
-30 53 -113 136 -196 219 -279 302 -362 385 -445 468 -528 551 -611 634 -694 717 -777 800 -860 883 -943 966 -1026 1049 -1109 1132 -1192 1215 -1275 1298 -1358 1381 -1441 1464 -1524 1547 -1607 1630 -1690 1713 -1773 1796 -1856 1879 -1939 1962 -2022 2045 -2105 2128 -2188 2211 -2271 2294 -2354 2377 -2437 2460 2490 -2520 2543 -2603 2626 -2686 2709 -2769 2792 -2852 2875 -2935 2958 -3018 3041 -3101 3124 -3184 3207 -3267 3290 -3350 3373
-31 52 -114 135 -197 218 -280 301 -363 384 -446 467 -529 550 -612 633 -695 716 -778 799 -861 882 -944 965 -1027 1048 -1110 1131 -1193 1214 -1276 1297 -1359 1380 -1442 1463 -1525 1546 -1608 1629 -1691 1712 -1774 1795 -1857 1878 -1940 1961 -2023 2044 -2106 2127 -2189 2210 -2272 2293 -2355 2376 -2438 2459 -2521 2542 2573 -2604 2625 -2687 2708 -2770 2791 -2853 2874 -2936 2957 -3019 3040 -3102 3123 -3185 3206 -3268 3289 -3351 3372
-32 51 -115 134 -198 217 -281 300 -364 383 -447 466 -530 549 -613 632 -696 715 -779 798 -862 881 -945 964 -1028 1047 -1111 1130 -1194 1213 -1277 1296 -1360 1379 -1443 1462 -1526 1545 -1609 1628 -1692 1711 -1775 1794 -1858 1877 -1941 1960 -2024 2043 -2107 2126 -2190 2209 -2273 2292 -2356 2375 -2439 2458 -2522 2541 -2605 2624 2656 -2688 2707 -2771 2790 -2854 2873 -2937 2956 -3020 3039 -3103 3122 -3186 3205 -3269 3288 -3352 3371
-33 50 -116 133 -199 216 -282 299 -365 382 -448 465 -531 548 -614 631 -697 714 -780 797 -863 880 -946 963 -1029 1046 -1112 1129 -1195 1212 -1278 1295 -1361 1378 -1444 1461 -1527 1544 -1610 1627 -1693 1710 -1776 1793 -1859 1876 -1942 1959 -2025 2042 -2108 2125 -2191 2208 -2274 2291 -2357 2374 -2440 2457 -2523 2540 -2606 2623 -2689 2706 2739 -2772 2789 -2855 2872 -2938 2955 -3021 3038 -3104 3121 -3187 3204 -3270 3287 -3353 3370
-34 49 -117 132 -200 215 -283 298 -366 381 -449 464 -532 547 -615 630 -698 713 -781 796 -864 879 -947 962 -1030 1045 -1113 1128 -1196 1211 -1279 1294 -1362 1377 -1445 1460 -1528 1543 -1611 1626 -1694 1709 -1777 1792 -1860 1875 -1943 1958 -2026 2041 -2109 2124 -2192 2207 -2275 2290 -2358 2373 -2441 2456 -2524 2539 -2607 2622 -2690 2705 -2773 2788 2822 -2856 2871 -2939 2954 -3022 3037 -3105 3120 -3188 3203 -3271 3286 -3354 3369
-35 48 -118 131 -201 214 -284 297 -367 380 -450 463 -533 546 -616 629 -699 712 -782 795 -865 878 -948 961 -1031 1044 -1114 1127 -1197 1210 -1280 1293 -1363 1376 -1446 1459 -1529 1542 -1612 1625 -1695 1708 -1778 1791 -1861 1874 -1944 1957 -2027 2040 -2110 2123 -2193 2206 -2276 2289 -2359 2372 -2442 2455 -2525 2538 -2608 2621 -2691 2704 -2774 2787 -2857 2870 2905 -2940 2953 -3023 3036 -3106 3119 -3189 3202 -3272 3285 -3355 3368
-36 47 -119 130 -202 213 -285 296 -368 379 -451 462 -534 545 -617 628 -700 711 -783 794 -866 877 -949 960 -1032 1043 -1115 1126 -1198 1209 -1281 1292 -1364 1375 -1447 1458 -1530 1541 -1613 1624 -1696 1707 -1779 1790 -1862 1873 -1945 1956 -2028 2039 -2111 2122 -2194 2205 -2277 2288 -2360 2371 -2443 2454 -2526 2537 -2609 2620 -2692 2703 -2775 2786 -2858 2869 -2941 2952 2988 -3024 3035 -3107 3118 -3190 3201 -3273 3284 -3356 3367
-37 46 -120 129 -203 212 -286 295 -369 378 -452 461 -535 544 -618 627 -701 710 -784 793 -867 876 -950 959 -1033 1042 -1116 1125 -1199 1208 -1282 1291 -1365 1374 -1448 1457 -1531 1540 -1614 1623 -1697 1706 -1780 1789 -1863 1872 -1946 1955 -2029 2038 -2112 2121 -2195 2204 -2278 2287 -2361 2370 -2444 2453 -2527 2536 -2610 2619 -2693 2702 -2776 2785 -2859 2868 -2942 2951 -3025 3034 3071 -3108 3117 -3191 3200 -3274 3283 -3357 3366
-38 45 -121 128 -204 211 -287 294 -370 377 -453 460 -536 543 -619 626 -702 709 -785 792 -868 875 -951 958 -1034 1041 -1117 1124 -1200 1207 -1283 1290 -1366 1373 -1449 1456 -1532 1539 -1615 1622 -1698 1705 -1781 1788 -1864 1871 -1947 1954 -2030 2037 -2113 2120 -2196 2203 -2279 2286 -2362 2369 -2445 2452 -2528 2535 -2611 2618 -2694 2701 -2777 2784 -2860 2867 -2943 2950 -3026 3033 -3109 3116 3154 -3192 3199 -3275 3282 -3358 3365
-39 44 -122 127 -205 210 -288 293 -371 376 -454 459 -537 542 -620 625 -703 708 -786 791 -869 874 -952 957 -1035 1040 -1118 1123 -1201 1206 -1284 1289 -1367 1372 -1450 1455 -1533 1538 -1616 1621 -1699 1704 -1782 1787 -1865 1870 -1948 1953 -2031 2036 -2114 2119 -2197 2202 -2280 2285 -2363 2368 -2446 2451 -2529 2534 -2612 2617 -2695 2700 -2778 2783 -2861 2866 -2944 2949 -3027 3032 -3110 3115 -3193 3198 3237 -3276 3281 -3359 3364
-40 43 -123 126 -206 209 -289 292 -372 375 -455 458 -538 541 -621 624 -704 707 -787 790 -870 873 -953 956 -1036 1039 -1119 1122 -1202 1205 -1285 1288 -1368 1371 -1451 1454 -1534 1537 -1617 1620 -1700 1703 -1783 1786 -1866 1869 -1949 1952 -2032 2035 -2115 2118 -2198 2201 -2281 2284 -2364 2367 -2447 2450 -2530 2533 -2613 2616 -2696 2699 -2779 2782 -2862 2865 -2945 2948 -3028 3031 -3111 3114 -3194 3197 -3277 3280 3320 -3360 3363
-41 42 -124 125 -207 208 -290 291 -373 374 -456 457 -539 540 -622 623 -705 706 -788 789 -871 872 -954 955 -1037 1038 -1120 1121 -1203 1204 -1286 1287 -1369 1370 -1452 1453 -1535 1536 -1618 1619 -1701 1702 -1784 1785 -1867 1868 -1950 1951 -2033 2034 -2116 2117 -2199 2200 -2282 2283 -2365 2366 -2448 2449 -2531 2532 -2614 2615 -2697 2698 -2780 2781 -2863 2864 -2946 2947 -3029 3030 -3112 3113 -3195 3196 -3278 3279 -3361 3362 3403
