7921
-1 88 89 -90 177 -179 266 -268 355 -357 444 -446 533 -535 622 -624 711 -713 800 -802 889 -891 978 -980 1067 -1069 1156 -1158 1245 -1247 1334 -1336 1423 -1425 1512 -1514 1601 -1603 1690 -1692 1779 -1781 1868 -1870 1957 -1959 2046 -2048 2135 -2137 2224 -2226 2313 -2315 2402 -2404 2491 -2493 2580 -2582 2669 -2671 2758 -2760 2847 -2849 2936 -2938 3025 -3027 3114 -3116 3203 -3205 3292 -3294 3381 -3383 3470 -3472 3559 -3561 3648 -3650 3737 -3739 3826 -3828 3915
-2 87 -91 176 178 -180 265 -269 354 -358 443 -447 532 -536 621 -625 710 -714 799 -803 888 -892 977 -981 1066 -1070 1155 -1159 1244 -1248 1333 -1337 1422 -1426 1511 -1515 1600 -1604 1689 -1693 1778 -1782 1867 -1871 1956 -1960 2045 -2049 2134 -2138 2223 -2227 2312 -2316 2401 -2405 2490 -2494 2579 -2583 2668 -2672 2757 -2761 2846 -2850 2935 -2939 3024 -3028 3113 -3117 3202 -3206 3291 -3295 3380 -3384 3469 -3473 3558 -3562 3647 -3651 3736 -3740 3825 -3829 3914
-3 86 -92 175 -181 264 267 -270 353 -359 442 -448 531 -537 620 -626 709 -715 798 -804 887 -893 976 -982 1065 -1071 1154 -1160 1243 -1249 1332 -1338 1421 -1427 1510 -1516 1599 -1605 1688 -1694 1777 -1783 1866 -1872 1955 -1961 2044 -2050 2133 -2139 2222 -2228 2311 -2317 2400 -2406 2489 -2495 2578 -2584 2667 -2673 2756 -2762 2845 -2851 2934 -2940 3023 -3029 3112 -3118 3201 -3207 3290 -3296 3379 -3385 3468 -3474 3557 -3563 3646 -3652 3735 -3741 3824 -3830 3913
-4 85 -93 174 -182 263 -271 352 356 -360 441 -449 530 -538 619 -627 708 -716 797 -805 886 -894 975 -983 1064 -1072 1153 -1161 1242 -1250 1331 -1339 1420 -1428 1509 -1517 1598 -1606 1687 -1695 1776 -1784 1865 -1873 1954 -1962 2043 -2051 2132 -2140 2221 -2229 2310 -2318 2399 -2407 2488 -2496 2577 -2585 2666 -2674 2755 -2763 2844 -2852 2933 -2941 3022 -3030 3111 -3119 3200 -3208 3289 -3297 3378 -3386 3467 -3475 3556 -3564 3645 -3653 3734 -3742 3823 -3831 3912
-5 84 -94 173 -183 262 -272 351 -361 440 445 -450 529 -539 618 -628 707 -717 796 -806 885 -895 974 -984 1063 -1073 1152 -1162 1241 -1251 1330 -1340 1419 -1429 1508 -1518 1597 -1607 1686 -1696 1775 -1785 1864 -1874 1953 -1963 2042 -2052 2131 -2141 2220 -2230 2309 -2319 2398 -2408 2487 -2497 2576 -2586 2665 -2675 2754 -2764 2843 -2853 2932 -2942 3021 -3031 3110 -3120 3199 -3209 3288 -3298 3377 -3387 3466 -3476 3555 -3565 3644 -3654 3733 -3743 3822 -3832 3911
-6 83 -95 172 -184 261 -273 350 -362 439 -451 528 534 -540 617 -629 706 -718 795 -807 884 -896 973 -985 1062 -1074 1151 -1163 1240 -1252 1329 -1341 1418 -1430 1507 -1519 1596 -1608 1685 -1697 1774 -1786 1863 -1875 1952 -1964 2041 -2053 2130 -2142 2219 -2231 2308 -2320 2397 -2409 2486 -2498 2575 -2587 2664 -2676 2753 -2765 2842 -2854 2931 -2943 3020 -3032 3109 -3121 3198 -3210 3287 -3299 3376 -3388 3465 -3477 3554 -3566 3643 -3655 3732 -3744 3821 -3833 3910
-7 82 -96 171 -185 260 -274 349 -363 438 -452 527 -541 616 623 -630 705 -719 794 -808 883 -897 972 -986 1061 -1075 1150 -1164 1239 -1253 1328 -1342 1417 -1431 1506 -1520 1595 -1609 1684 -1698 1773 -1787 1862 -1876 1951 -1965 2040 -2054 2129 -2143 2218 -2232 2307 -2321 2396 -2410 2485 -2499 2574 -2588 2663 -2677 2752 -2766 2841 -2855 2930 -2944 3019 -3033 3108 -3122 3197 -3211 3286 -3300 3375 -3389 3464 -3478 3553 -3567 3642 -3656 3731 -3745 3820 -3834 3909
-8 81 -97 170 -186 259 -275 348 -364 437 -453 526 -542 615 -631 704 712 -720 793 -809 882 -898 971 -987 1060 -1076 1149 -1165 1238 -1254 1327 -1343 1416 -1432 1505 -1521 1594 -1610 1683 -1699 1772 -1788 1861 -1877 1950 -1966 2039 -2055 2128 -2144 2217 -2233 2306 -2322 2395 -2411 2484 -2500 2573 -2589 2662 -2678 2751 -2767 2840 -2856 2929 -2945 3018 -3034 3107 -3123 3196 -3212 3285 -3301 3374 -3390 3463 -3479 3552 -3568 3641 -3657 3730 -3746 3819 -3835 3908
-9 80 -98 169 -187 258 -276 347 -365 436 -454 525 -543 614 -632 703 -721 792 801 -810 881 -899 970 -988 1059 -1077 1148 -1166 1237 -1255 1326 -1344 1415 -1433 1504 -1522 1593 -1611 1682 -1700 1771 -1789 1860 -1878 1949 -1967 2038 -2056 2127 -2145 2216 -2234 2305 -2323 2394 -2412 2483 -2501 2572 -2590 2661 -2679 2750 -2768 2839 -2857 2928 -2946 3017 -3035 3106 -3124 3195 -3213 3284 -3302 3373 -3391 3462 -3480 3551 -3569 3640 -3658 3729 -3747 3818 -3836 3907
-10 79 -99 168 -188 257 -277 346 -366 435 -455 524 -544 613 -633 702 -722 791 -811 880 890 -900 969 -989 1058 -1078 1147 -1167 1236 -1256 1325 -1345 1414 -1434 1503 -1523 1592 -1612 1681 -1701 1770 -1790 1859 -1879 1948 -1968 2037 -2057 2126 -2146 2215 -2235 2304 -2324 2393 -2413 2482 -2502 2571 -2591 2660 -2680 2749 -2769 2838 -2858 2927 -2947 3016 -3036 3105 -3125 3194 -3214 3283 -3303 3372 -3392 3461 -3481 3550 -3570 3639 -3659 3728 -3748 3817 -3837 3906
-11 78 -100 167 -189 256 -278 345 -367 434 -456 523 -545 612 -634 701 -723 790 -812 879 -901 968 979 -990 1057 -1079 1146 -1168 1235 -1257 1324 -1346 1413 -1435 1502 -1524 1591 -1613 1680 -1702 1769 -1791 1858 -1880 1947 -1969 2036 -2058 2125 -2147 2214 -2236 2303 -2325 2392 -2414 2481 -2503 2570 -2592 2659 -2681 2748 -2770 2837 -2859 2926 -2948 3015 -3037 3104 -3126 3193 -3215 3282 -3304 3371 -3393 3460 -3482 3549 -3571 3638 -3660 3727 -3749 3816 -3838 3905
-12 77 -101 166 -190 255 -279 344 -368 433 -457 522 -546 611 -635 700 -724 789 -813 878 -902 967 -991 1056 1068 -1080 1145 -1169 1234 -1258 1323 -1347 1412 -1436 1501 -1525 1590 -1614 1679 -1703 1768 -1792 1857 -1881 1946 -1970 2035 -2059 2124 -2148 2213 -2237 2302 -2326 2391 -2415 2480 -2504 2569 -2593 2658 -2682 2747 -2771 2836 -2860 2925 -2949 3014 -3038 3103 -3127 3192 -3216 3281 -3305 3370 -3394 3459 -3483 3548 -3572 3637 -3661 3726 -3750 3815 -3839 3904
-13 76 -102 165 -191 254 -280 343 -369 432 -458 521 -547 610 -636 699 -725 788 -814 877 -903 966 -992 1055 -1081 1144 1157 -1170 1233 -1259 1322 -1348 1411 -1437 1500 -1526 1589 -1615 1678 -1704 1767 -1793 1856 -1882 1945 -1971 2034 -2060 2123 -2149 2212 -2238 2301 -2327 2390 -2416 2479 -2505 2568 -2594 2657 -2683 2746 -2772 2835 -2861 2924 -2950 3013 -3039 3102 -3128 3191 -3217 3280 -3306 3369 -3395 3458 -3484 3547 -3573 3636 -3662 3725 -3751 3814 -3840 3903
-14 75 -103 164 -192 253 -281 342 -370 431 -459 520 -548 609 -637 698 -726 787 -815 876 -904 965 -993 1054 -1082 1143 -1171 1232 1246 -1260 1321 -1349 1410 -1438 1499 -1527 1588 -1616 1677 -1705 1766 -1794 1855 -1883 1944 -1972 2033 -2061 2122 -2150 2211 -2239 2300 -2328 2389 -2417 2478 -2506 2567 -2595 2656 -2684 2745 -2773 2834 -2862 2923 -2951 3012 -3040 3101 -3129 3190 -3218 3279 -3307 3368 -3396 3457 -3485 3546 -3574 3635 -3663 3724 -3752 3813 -3841 3902
-15 74 -104 163 -193 252 -282 341 -371 430 -460 519 -549 608 -638 697 -727 786 -816 875 -905 964 -994 1053 -1083 1142 -1172 1231 -1261 1320 1335 -1350 1409 -1439 1498 -1528 1587 -1617 1676 -1706 1765 -1795 1854 -1884 1943 -1973 2032 -2062 2121 -2151 2210 -2240 2299 -2329 2388 -2418 2477 -2507 2566 -2596 2655 -2685 2744 -2774 2833 -2863 2922 -2952 3011 -3041 3100 -3130 3189 -3219 3278 -3308 3367 -3397 3456 -3486 3545 -3575 3634 -3664 3723 -3753 3812 -3842 3901
-16 73 -105 162 -194 251 -283 340 -372 429 -461 518 -550 607 -639 696 -728 785 -817 874 -906 963 -995 1052 -1084 1141 -1173 1230 -1262 1319 -1351 1408 1424 -1440 1497 -1529 1586 -1618 1675 -1707 1764 -1796 1853 -1885 1942 -1974 2031 -2063 2120 -2152 2209 -2241 2298 -2330 2387 -2419 2476 -2508 2565 -2597 2654 -2686 2743 -2775 2832 -2864 2921 -2953 3010 -3042 3099 -3131 3188 -3220 3277 -3309 3366 -3398 3455 -3487 3544 -3576 3633 -3665 3722 -3754 3811 -3843 3900
-17 72 -106 161 -195 250 -284 339 -373 428 -462 517 -551 606 -640 695 -729 784 -818 873 -907 962 -996 1051 -1085 1140 -1174 1229 -1263 1318 -1352 1407 -1441 1496 1513 -1530 1585 -1619 1674 -1708 1763 -1797 1852 -1886 1941 -1975 2030 -2064 2119 -2153 2208 -2242 2297 -2331 2386 -2420 2475 -2509 2564 -2598 2653 -2687 2742 -2776 2831 -2865 2920 -2954 3009 -3043 3098 -3132 3187 -3221 3276 -3310 3365 -3399 3454 -3488 3543 -3577 3632 -3666 3721 -3755 3810 -3844 3899
-18 71 -107 160 -196 249 -285 338 -374 427 -463 516 -552 605 -641 694 -730 783 -819 872 -908 961 -997 1050 -1086 1139 -1175 1228 -1264 1317 -1353 1406 -1442 1495 -1531 1584 1602 -1620 1673 -1709 1762 -1798 1851 -1887 1940 -1976 2029 -2065 2118 -2154 2207 -2243 2296 -2332 2385 -2421 2474 -2510 2563 -2599 2652 -2688 2741 -2777 2830 -2866 2919 -2955 3008 -3044 3097 -3133 3186 -3222 3275 -3311 3364 -3400 3453 -3489 3542 -3578 3631 -3667 3720 -3756 3809 -3845 3898
-19 70 -108 159 -197 248 -286 337 -375 426 -464 515 -553 604 -642 693 -731 782 -820 871 -909 960 -998 1049 -1087 1138 -1176 1227 -1265 1316 -1354 1405 -1443 1494 -1532 1583 -1621 1672 1691 -1710 1761 -1799 1850 -1888 1939 -1977 2028 -2066 2117 -2155 2206 -2244 2295 -2333 2384 -2422 2473 -2511 2562 -2600 2651 -2689 2740 -2778 2829 -2867 2918 -2956 3007 -3045 3096 -3134 3185 -3223 3274 -3312 3363 -3401 3452 -3490 3541 -3579 3630 -3668 3719 -3757 3808 -3846 3897
-20 69 -109 158 -198 247 -287 336 -376 425 -465 514 -554 603 -643 692 -732 781 -821 870 -910 959 -999 1048 -1088 1137 -1177 1226 -1266 1315 -1355 1404 -1444 1493 -1533 1582 -1622 1671 -1711 1760 1780 -1800 1849 -1889 1938 -1978 2027 -2067 2116 -2156 2205 -2245 2294 -2334 2383 -2423 2472 -2512 2561 -2601 2650 -2690 2739 -2779 2828 -2868 2917 -2957 3006 -3046 3095 -3135 3184 -3224 3273 -3313 3362 -3402 3451 -3491 3540 -3580 3629 -3669 3718 -3758 3807 -3847 3896
-21 68 -110 157 -199 246 -288 335 -377 424 -466 513 -555 602 -644 691 -733 780 -822 869 -911 958 -1000 1047 -1089 1136 -1178 1225 -1267 1314 -1356 1403 -1445 1492 -1534 1581 -1623 1670 -1712 1759 -1801 1848 1869 -1890 1937 -1979 2026 -2068 2115 -2157 2204 -2246 2293 -2335 2382 -2424 2471 -2513 2560 -2602 2649 -2691 2738 -2780 2827 -2869 2916 -2958 3005 -3047 3094 -3136 3183 -3225 3272 -3314 3361 -3403 3450 -3492 3539 -3581 3628 -3670 3717 -3759 3806 -3848 3895
-22 67 -111 156 -200 245 -289 334 -378 423 -467 512 -556 601 -645 690 -734 779 -823 868 -912 957 -1001 1046 -1090 1135 -1179 1224 -1268 1313 -1357 1402 -1446 1491 -1535 1580 -1624 1669 -1713 1758 -1802 1847 -1891 1936 1958 -1980 2025 -2069 2114 -2158 2203 -2247 2292 -2336 2381 -2425 2470 -2514 2559 -2603 2648 -2692 2737 -2781 2826 -2870 2915 -2959 3004 -3048 3093 -3137 3182 -3226 3271 -3315 3360 -3404 3449 -3493 3538 -3582 3627 -3671 3716 -3760 3805 -3849 3894
-23 66 -112 155 -201 244 -290 333 -379 422 -468 511 -557 600 -646 689 -735 778 -824 867 -913 956 -1002 1045 -1091 1134 -1180 1223 -1269 1312 -1358 1401 -1447 1490 -1536 1579 -1625 1668 -1714 1757 -1803 1846 -1892 1935 -1981 2024 2047 -2070 2113 -2159 2202 -2248 2291 -2337 2380 -2426 2469 -2515 2558 -2604 2647 -2693 2736 -2782 2825 -2871 2914 -2960 3003 -3049 3092 -3138 3181 -3227 3270 -3316 3359 -3405 3448 -3494 3537 -3583 3626 -3672 3715 -3761 3804 -3850 3893
-24 65 -113 154 -202 243 -291 332 -380 421 -469 510 -558 599 -647 688 -736 777 -825 866 -914 955 -1003 1044 -1092 1133 -1181 1222 -1270 1311 -1359 1400 -1448 1489 -1537 1578 -1626 1667 -1715 1756 -1804 1845 -1893 1934 -1982 2023 -2071 2112 2136 -2160 2201 -2249 2290 -2338 2379 -2427 2468 -2516 2557 -2605 2646 -2694 2735 -2783 2824 -2872 2913 -2961 3002 -3050 3091 -3139 3180 -3228 3269 -3317 3358 -3406 3447 -3495 3536 -3584 3625 -3673 3714 -3762 3803 -3851 3892
-25 64 -114 153 -203 242 -292 331 -381 420 -470 509 -559 598 -648 687 -737 776 -826 865 -915 954 -1004 1043 -1093 1132 -1182 1221 -1271 1310 -1360 1399 -1449 1488 -1538 1577 -1627 1666 -1716 1755 -1805 1844 -1894 1933 -1983 2022 -2072 2111 -2161 2200 2225 -2250 2289 -2339 2378 -2428 2467 -2517 2556 -2606 2645 -2695 2734 -2784 2823 -2873 2912 -2962 3001 -3051 3090 -3140 3179 -3229 3268 -3318 3357 -3407 3446 -3496 3535 -3585 3624 -3674 3713 -3763 3802 -3852 3891
-26 63 -115 152 -204 241 -293 330 -382 419 -471 508 -560 597 -649 686 -738 775 -827 864 -916 953 -1005 1042 -1094 1131 -1183 1220 -1272 1309 -1361 1398 -1450 1487 -1539 1576 -1628 1665 -1717 1754 -1806 1843 -1895 1932 -1984 2021 -2073 2110 -2162 2199 -2251 2288 2314 -2340 2377 -2429 2466 -2518 2555 -2607 2644 -2696 2733 -2785 2822 -2874 2911 -2963 3000 -3052 3089 -3141 3178 -3230 3267 -3319 3356 -3408 3445 -3497 3534 -3586 3623 -3675 3712 -3764 3801 -3853 3890
-27 62 -116 151 -205 240 -294 329 -383 418 -472 507 -561 596 -650 685 -739 774 -828 863 -917 952 -1006 1041 -1095 1130 -1184 1219 -1273 1308 -1362 1397 -1451 1486 -1540 1575 -1629 1664 -1718 1753 -1807 1842 -1896 1931 -1985 2020 -2074 2109 -2163 2198 -2252 2287 -2341 2376 2403 -2430 2465 -2519 2554 -2608 2643 -2697 2732 -2786 2821 -2875 2910 -2964 2999 -3053 3088 -3142 3177 -3231 3266 -3320 3355 -3409 3444 -3498 3533 -3587 3622 -3676 3711 -3765 3800 -3854 3889
-28 61 -117 150 -206 239 -295 328 -384 417 -473 506 -562 595 -651 684 -740 773 -829 862 -918 951 -1007 1040 -1096 1129 -1185 1218 -1274 1307 -1363 1396 -1452 1485 -1541 1574 -1630 1663 -1719 1752 -1808 1841 -1897 1930 -1986 2019 -2075 2108 -2164 2197 -2253 2286 -2342 2375 -2431 2464 2492 -2520 2553 -2609 2642 -2698 2731 -2787 2820 -2876 2909 -2965 2998 -3054 3087 -3143 3176 -3232 3265 -3321 3354 -3410 3443 -3499 3532 -3588 3621 -3677 3710 -3766 3799 -3855 3888
-29 60 -118 149 -207 238 -296 327 -385 416 -474 505 -563 594 -652 683 -741 772 -830 861 -919 950 -1008 1039 -1097 1128 -1186 1217 -1275 1306 -1364 1395 -1453 1484 -1542 1573 -1631 1662 -1720 1751 -1809 1840 -1898 1929 -1987 2018 -2076 2107 -2165 2196 -2254 2285 -2343 2374 -2432 2463 -2521 2552 2581 -2610 2641 -2699 2730 -2788 2819 -2877 2908 -2966 2997 -3055 3086 -3144 3175 -3233 3264 -3322 3353 -3411 3442 -3500 3531 -3589 3620 -3678 3709 -3767 3798 -3856 3887
-30 59 -119 148 -208 237 -297 326 -386 415 -475 504 -564 593 -653 682 -742 771 -831 860 -920 949 -1009 1038 -1098 1127 -1187 1216 -1276 1305 -1365 1394 -1454 1483 -1543 1572 -1632 1661 -1721 1750 -1810 1839 -1899 1928 -1988 2017 -2077 2106 -2166 2195 -2255 2284 -2344 2373 -2433 2462 -2522 2551 -2611 2640 2670 -2700 2729 -2789 2818 -2878 2907 -2967 2996 -3056 3085 -3145 3174 -3234 3263 -3323 3352 -3412 3441 -3501 3530 -3590 3619 -3679 3708 -3768 3797 -3857 3886
-31 58 -120 147 -209 236 -298 325 -387 414 -476 503 -565 592 -654 681 -743 770 -832 859 -921 948 -1010 1037 -1099 1126 -1188 1215 -1277 1304 -1366 1393 -1455 1482 -1544 1571 -1633 1660 -1722 1749 -1811 1838 -1900 1927 -1989 2016 -2078 2105 -2167 2194 -2256 2283 -2345 2372 -2434 2461 -2523 2550 -2612 2639 -2701 2728 2759 -2790 2817 -2879 2906 -2968 2995 -3057 3084 -3146 3173 -3235 3262 -3324 3351 -3413 3440 -3502 3529 -3591 3618 -3680 3707 -3769 3796 -3858 3885
-32 57 -121 146 -210 235 -299 324 -388 413 -477 502 -566 591 -655 680 -744 769 -833 858 -922 947 -1011 1036 -1100 1125 -1189 1214 -1278 1303 -1367 1392 -1456 1481 -1545 1570 -1634 1659 -1723 1748 -1812 1837 -1901 1926 -1990 2015 -2079 2104 -2168 2193 -2257 2282 -2346 2371 -2435 2460 -2524 2549 -2613 2638 -2702 2727 -2791 2816 2848 -2880 2905 -2969 2994 -3058 3083 -3147 3172 -3236 3261 -3325 3350 -3414 3439 -3503 3528 -3592 3617 -3681 3706 -3770 3795 -3859 3884
-33 56 -122 145 -211 234 -300 323 -389 412 -478 501 -567 590 -656 679 -745 768 -834 857 -923 946 -1012 1035 -1101 1124 -1190 1213 -1279 1302 -1368 1391 -1457 1480 -1546 1569 -1635 1658 -1724 1747 -1813 1836 -1902 1925 -1991 2014 -2080 2103 -2169 2192 -2258 2281 -2347 2370 -2436 2459 -2525 2548 -2614 2637 -2703 2726 -2792 2815 -2881 2904 2937 -2970 2993 -3059 3082 -3148 3171 -3237 3260 -3326 3349 -3415 3438 -3504 3527 -3593 3616 -3682 3705 -3771 3794 -3860 3883
-34 55 -123 144 -212 233 -301 322 -390 411 -479 500 -568 589 -657 678 -746 767 -835 856 -924 945 -1013 1034 -1102 1123 -1191 1212 -1280 1301 -1369 1390 -1458 1479 -1547 1568 -1636 1657 -1725 1746 -1814 1835 -1903 1924 -1992 2013 -2081 2102 -2170 2191 -2259 2280 -2348 2369 -2437 2458 -2526 2547 -2615 2636 -2704 2725 -2793 2814 -2882 2903 -2971 2992 3026 -3060 3081 -3149 3170 -3238 3259 -3327 3348 -3416 3437 -3505 3526 -3594 3615 -3683 3704 -3772 3793 -3861 3882
-35 54 -124 143 -213 232 -302 321 -391 410 -480 499 -569 588 -658 677 -747 766 -836 855 -925 944 -1014 1033 -1103 1122 -1192 1211 -1281 1300 -1370 1389 -1459 1478 -1548 1567 -1637 1656 -1726 1745 -1815 1834 -1904 1923 -1993 2012 -2082 2101 -2171 2190 -2260 2279 -2349 2368 -2438 2457 -2527 2546 -2616 2635 -2705 2724 -2794 2813 -2883 2902 -2972 2991 -3061 3080 3115 -3150 3169 -3239 3258 -3328 3347 -3417 3436 -3506 3525 -3595 3614 -3684 3703 -3773 3792 -3862 3881
-36 53 -125 142 -214 231 -303 320 -392 409 -481 498 -570 587 -659 676 -748 765 -837 854 -926 943 -1015 1032 -1104 1121 -1193 1210 -1282 1299 -1371 1388 -1460 1477 -1549 1566 -1638 1655 -1727 1744 -1816 1833 -1905 1922 -1994 2011 -2083 2100 -2172 2189 -2261 2278 -2350 2367 -2439 2456 -2528 2545 -2617 2634 -2706 2723 -2795 2812 -2884 2901 -2973 2990 -3062 3079 -3151 3168 3204 -3240 3257 -3329 3346 -3418 3435 -3507 3524 -3596 3613 -3685 3702 -3774 3791 -3863 3880
-37 52 -126 141 -215 230 -304 319 -393 408 -482 497 -571 586 -660 675 -749 764 -838 853 -927 942 -1016 1031 -1105 1120 -1194 1209 -1283 1298 -1372 1387 -1461 1476 -1550 1565 -1639 1654 -1728 1743 -1817 1832 -1906 1921 -1995 2010 -2084 2099 -2173 2188 -2262 2277 -2351 2366 -2440 2455 -2529 2544 -2618 2633 -2707 2722 -2796 2811 -2885 2900 -2974 2989 -3063 3078 -3152 3167 -3241 3256 3293 -3330 3345 -3419 3434 -3508 3523 -3597 3612 -3686 3701 -3775 3790 -3864 3879
-38 51 -127 140 -216 229 -305 318 -394 407 -483 496 -572 585 -661 674 -750 763 -839 852 -928 941 -1017 1030 -1106 1119 -1195 1208 -1284 1297 -1373 1386 -1462 1475 -1551 1564 -1640 1653 -1729 1742 -1818 1831 -1907 1920 -1996 2009 -2085 2098 -2174 2187 -2263 2276 -2352 2365 -2441 2454 -2530 2543 -2619 2632 -2708 2721 -2797 2810 -2886 2899 -2975 2988 -3064 3077 -3153 3166 -3242 3255 -3331 3344 3382 -3420 3433 -3509 3522 -3598 3611 -3687 3700 -3776 3789 -3865 3878
-39 50 -128 139 -217 228 -306 317 -395 406 -484 495 -573 584 -662 673 -751 762 -840 851 -929 940 -1018 1029 -1107 1118 -1196 1207 -1285 1296 -1374 1385 -1463 1474 -1552 1563 -1641 1652 -1730 1741 -1819 1830 -1908 1919 -1997 2008 -2086 2097 -2175 2186 -2264 2275 -2353 2364 -2442 2453 -2531 2542 -2620 2631 -2709 2720 -2798 2809 -2887 2898 -2976 2987 -3065 3076 -3154 3165 -3243 3254 -3332 3343 -3421 3432 3471 -3510 3521 -3599 3610 -3688 3699 -3777 3788 -3866 3877
-40 49 -129 138 -218 227 -307 316 -396 405 -485 494 -574 583 -663 672 -752 761 -841 850 -930 939 -1019 1028 -1108 1117 -1197 1206 -1286 1295 -1375 1384 -1464 1473 -1553 1562 -1642 1651 -1731 1740 -1820 1829 -1909 1918 -1998 2007 -2087 2096 -2176 2185 -2265 2274 -2354 2363 -2443 2452 -2532 2541 -2621 2630 -2710 2719 -2799 2808 -2888 2897 -2977 2986 -3066 3075 -3155 3164 -3244 3253 -3333 3342 -3422 3431 -3511 3520 3560 -3600 3609 -3689 3698 -3778 3787 -3867 3876
-41 48 -130 137 -219 226 -308 315 -397 404 -486 493 -575 582 -664 671 -753 760 -842 849 -931 938 -1020 1027 -1109 1116 -1198 1205 -1287 1294 -1376 1383 -1465 1472 -1554 1561 -1643 1650 -1732 1739 -1821 1828 -1910 1917 -1999 2006 -2088 2095 -2177 2184 -2266 2273 -2355 2362 -2444 2451 -2533 2540 -2622 2629 -2711 2718 -2800 2807 -2889 2896 -2978 2985 -3067 3074 -3156 3163 -3245 3252 -3334 3341 -3423 3430 -3512 3519 -3601 3608 3649 -3690 3697 -3779 3786 -3868 3875
-42 47 -131 136 -220 225 -309 314 -398 403 -487 492 -576 581 -665 670 -754 759 -843 848 -932 937 -1021 1026 -1110 1115 -1199 1204 -1288 1293 -1377 1382 -1466 1471 -1555 1560 -1644 1649 -1733 1738 -1822 1827 -1911 1916 -2000 2005 -2089 2094 -2178 2183 -2267 2272 -2356 2361 -2445 2450 -2534 2539 -2623 2628 -2712 2717 -2801 2806 -2890 2895 -2979 2984 -3068 3073 -3157 3162 -3246 3251 -3335 3340 -3424 3429 -3513 3518 -3602 3607 -3691 3696 3738 -3780 3785 -3869 3874
-43 46 -132 135 -221 224 -310 313 -399 402 -488 491 -577 580 -666 669 -755 758 -844 847 -933 936 -1022 1025 -1111 1114 -1200 1203 -1289 1292 -1378 1381 -1467 1470 -1556 1559 -1645 1648 -1734 1737 -1823 1826 -1912 1915 -2001 2004 -2090 2093 -2179 2182 -2268 2271 -2357 2360 -2446 2449 -2535 2538 -2624 2627 -2713 2716 -2802 2805 -2891 2894 -2980 2983 -3069 3072 -3158 3161 -3247 3250 -3336 3339 -3425 3428 -3514 3517 -3603 3606 -3692 3695 -3781 3784 3827 -3870 3873
-44 45 -133 134 -222 223 -311 312 -400 401 -489 490 -578 579 -667 668 -756 757 -845 846 -934 935 -1023 1024 -1112 1113 -1201 1202 -1290 1291 -1379 1380 -1468 1469 -1557 1558 -1646 1647 -1735 1736 -1824 1825 -1913 1914 -2002 2003 -2091 2092 -2180 2181 -2269 2270 -2358 2359 -2447 2448 -2536 2537 -2625 2626 -2714 2715 -2803 2804 -2892 2893 -2981 2982 -3070 3071 -3159 3160 -3248 3249 -3337 3338 -3426 3427 -3515 3516 -3604 3605 -3693 3694 -3782 3783 -3871 3872 3916
