9409
-1 96 97 -98 193 -195 290 -292 387 -389 484 -486 581 -583 678 -680 775 -777 872 -874 969 -971 1066 -1068 1163 -1165 1260 -1262 1357 -1359 1454 -1456 1551 -1553 1648 -1650 1745 -1747 1842 -1844 1939 -1941 2036 -2038 2133 -2135 2230 -2232 2327 -2329 2424 -2426 2521 -2523 2618 -2620 2715 -2717 2812 -2814 2909 -2911 3006 -3008 3103 -3105 3200 -3202 3297 -3299 3394 -3396 3491 -3493 3588 -3590 3685 -3687 3782 -3784 3879 -3881 3976 -3978 4073 -4075 4170 -4172 4267 -4269 4364 -4366 4461 -4463 4558 -4560 4655
-2 95 -99 192 194 -196 289 -293 386 -390 483 -487 580 -584 677 -681 774 -778 871 -875 968 -972 1065 -1069 1162 -1166 1259 -1263 1356 -1360 1453 -1457 1550 -1554 1647 -1651 1744 -1748 1841 -1845 1938 -1942 2035 -2039 2132 -2136 2229 -2233 2326 -2330 2423 -2427 2520 -2524 2617 -2621 2714 -2718 2811 -2815 2908 -2912 3005 -3009 3102 -3106 3199 -3203 3296 -3300 3393 -3397 3490 -3494 3587 -3591 3684 -3688 3781 -3785 3878 -3882 3975 -3979 4072 -4076 4169 -4173 4266 -4270 4363 -4367 4460 -4464 4557 -4561 4654
-3 94 -100 191 -197 288 291 -294 385 -391 482 -488 579 -585 676 -682 773 -779 870 -876 967 -973 1064 -1070 1161 -1167 1258 -1264 1355 -1361 1452 -1458 1549 -1555 1646 -1652 1743 -1749 1840 -1846 1937 -1943 2034 -2040 2131 -2137 2228 -2234 2325 -2331 2422 -2428 2519 -2525 2616 -2622 2713 -2719 2810 -2816 2907 -2913 3004 -3010 3101 -3107 3198 -3204 3295 -3301 3392 -3398 3489 -3495 3586 -3592 3683 -3689 3780 -3786 3877 -3883 3974 -3980 4071 -4077 4168 -4174 4265 -4271 4362 -4368 4459 -4465 4556 -4562 4653
-4 93 -101 190 -198 287 -295 384 388 -392 481 -489 578 -586 675 -683 772 -780 869 -877 966 -974 1063 -1071 1160 -1168 1257 -1265 1354 -1362 1451 -1459 1548 -1556 1645 -1653 1742 -1750 1839 -1847 1936 -1944 2033 -2041 2130 -2138 2227 -2235 2324 -2332 2421 -2429 2518 -2526 2615 -2623 2712 -2720 2809 -2817 2906 -2914 3003 -3011 3100 -3108 3197 -3205 3294 -3302 3391 -3399 3488 -3496 3585 -3593 3682 -3690 3779 -3787 3876 -3884 3973 -3981 4070 -4078 4167 -4175 4264 -4272 4361 -4369 4458 -4466 4555 -4563 4652
-5 92 -102 189 -199 286 -296 383 -393 480 485 -490 577 -587 674 -684 771 -781 868 -878 965 -975 1062 -1072 1159 -1169 1256 -1266 1353 -1363 1450 -1460 1547 -1557 1644 -1654 1741 -1751 1838 -1848 1935 -1945 2032 -2042 2129 -2139 2226 -2236 2323 -2333 2420 -2430 2517 -2527 2614 -2624 2711 -2721 2808 -2818 2905 -2915 3002 -3012 3099 -3109 3196 -3206 3293 -3303 3390 -3400 3487 -3497 3584 -3594 3681 -3691 3778 -3788 3875 -3885 3972 -3982 4069 -4079 4166 -4176 4263 -4273 4360 -4370 4457 -4467 4554 -4564 4651
-6 91 -103 188 -200 285 -297 382 -394 479 -491 576 582 -588 673 -685 770 -782 867 -879 964 -976 1061 -1073 1158 -1170 1255 -1267 1352 -1364 1449 -1461 1546 -1558 1643 -1655 1740 -1752 1837 -1849 1934 -1946 2031 -2043 2128 -2140 2225 -2237 2322 -2334 2419 -2431 2516 -2528 2613 -2625 2710 -2722 2807 -2819 2904 -2916 3001 -3013 3098 -3110 3195 -3207 3292 -3304 3389 -3401 3486 -3498 3583 -3595 3680 -3692 3777 -3789 3874 -3886 3971 -3983 4068 -4080 4165 -4177 4262 -4274 4359 -4371 4456 -4468 4553 -4565 4650
-7 90 -104 187 -201 284 -298 381 -395 478 -492 575 -589 672 679 -686 769 -783 866 -880 963 -977 1060 -1074 1157 -1171 1254 -1268 1351 -1365 1448 -1462 1545 -1559 1642 -1656 1739 -1753 1836 -1850 1933 -1947 2030 -2044 2127 -2141 2224 -2238 2321 -2335 2418 -2432 2515 -2529 2612 -2626 2709 -2723 2806 -2820 2903 -2917 3000 -3014 3097 -3111 3194 -3208 3291 -3305 3388 -3402 3485 -3499 3582 -3596 3679 -3693 3776 -3790 3873 -3887 3970 -3984 4067 -4081 4164 -4178 4261 -4275 4358 -4372 4455 -4469 4552 -4566 4649
-8 89 -105 186 -202 283 -299 380 -396 477 -493 574 -590 671 -687 768 776 -784 865 -881 962 -978 1059 -1075 1156 -1172 1253 -1269 1350 -1366 1447 -1463 1544 -1560 1641 -1657 1738 -1754 1835 -1851 1932 -1948 2029 -2045 2126 -2142 2223 -2239 2320 -2336 2417 -2433 2514 -2530 2611 -2627 2708 -2724 2805 -2821 2902 -2918 2999 -3015 3096 -3112 3193 -3209 3290 -3306 3387 -3403 3484 -3500 3581 -3597 3678 -3694 3775 -3791 3872 -3888 3969 -3985 4066 -4082 4163 -4179 4260 -4276 4357 -4373 4454 -4470 4551 -4567 4648
-9 88 -106 185 -203 282 -300 379 -397 476 -494 573 -591 670 -688 767 -785 864 873 -882 961 -979 1058 -1076 1155 -1173 1252 -1270 1349 -1367 1446 -1464 1543 -1561 1640 -1658 1737 -1755 1834 -1852 1931 -1949 2028 -2046 2125 -2143 2222 -2240 2319 -2337 2416 -2434 2513 -2531 2610 -2628 2707 -2725 2804 -2822 2901 -2919 2998 -3016 3095 -3113 3192 -3210 3289 -3307 3386 -3404 3483 -3501 3580 -3598 3677 -3695 3774 -3792 3871 -3889 3968 -3986 4065 -4083 4162 -4180 4259 -4277 4356 -4374 4453 -4471 4550 -4568 4647
-10 87 -107 184 -204 281 -301 378 -398 475 -495 572 -592 669 -689 766 -786 863 -883 960 970 -980 1057 -1077 1154 -1174 1251 -1271 1348 -1368 1445 -1465 1542 -1562 1639 -1659 1736 -1756 1833 -1853 1930 -1950 2027 -2047 2124 -2144 2221 -2241 2318 -2338 2415 -2435 2512 -2532 2609 -2629 2706 -2726 2803 -2823 2900 -2920 2997 -3017 3094 -3114 3191 -3211 3288 -3308 3385 -3405 3482 -3502 3579 -3599 3676 -3696 3773 -3793 3870 -3890 3967 -3987 4064 -4084 4161 -4181 4258 -4278 4355 -4375 4452 -4472 4549 -4569 4646
-11 86 -108 183 -205 280 -302 377 -399 474 -496 571 -593 668 -690 765 -787 862 -884 959 -981 1056 1067 -1078 1153 -1175 1250 -1272 1347 -1369 1444 -1466 1541 -1563 1638 -1660 1735 -1757 1832 -1854 1929 -1951 2026 -2048 2123 -2145 2220 -2242 2317 -2339 2414 -2436 2511 -2533 2608 -2630 2705 -2727 2802 -2824 2899 -2921 2996 -3018 3093 -3115 3190 -3212 3287 -3309 3384 -3406 3481 -3503 3578 -3600 3675 -3697 3772 -3794 3869 -3891 3966 -3988 4063 -4085 4160 -4182 4257 -4279 4354 -4376 4451 -4473 4548 -4570 4645
-12 85 -109 182 -206 279 -303 376 -400 473 -497 570 -594 667 -691 764 -788 861 -885 958 -982 1055 -1079 1152 1164 -1176 1249 -1273 1346 -1370 1443 -1467 1540 -1564 1637 -1661 1734 -1758 1831 -1855 1928 -1952 2025 -2049 2122 -2146 2219 -2243 2316 -2340 2413 -2437 2510 -2534 2607 -2631 2704 -2728 2801 -2825 2898 -2922 2995 -3019 3092 -3116 3189 -3213 3286 -3310 3383 -3407 3480 -3504 3577 -3601 3674 -3698 3771 -3795 3868 -3892 3965 -3989 4062 -4086 4159 -4183 4256 -4280 4353 -4377 4450 -4474 4547 -4571 4644
-13 84 -110 181 -207 278 -304 375 -401 472 -498 569 -595 666 -692 763 -789 860 -886 957 -983 1054 -1080 1151 -1177 1248 1261 -1274 1345 -1371 1442 -1468 1539 -1565 1636 -1662 1733 -1759 1830 -1856 1927 -1953 2024 -2050 2121 -2147 2218 -2244 2315 -2341 2412 -2438 2509 -2535 2606 -2632 2703 -2729 2800 -2826 2897 -2923 2994 -3020 3091 -3117 3188 -3214 3285 -3311 3382 -3408 3479 -3505 3576 -3602 3673 -3699 3770 -3796 3867 -3893 3964 -3990 4061 -4087 4158 -4184 4255 -4281 4352 -4378 4449 -4475 4546 -4572 4643
-14 83 -111 180 -208 277 -305 374 -402 471 -499 568 -596 665 -693 762 -790 859 -887 956 -984 1053 -1081 1150 -1178 1247 -1275 1344 1358 -1372 1441 -1469 1538 -1566 1635 -1663 1732 -1760 1829 -1857 1926 -1954 2023 -2051 2120 -2148 2217 -2245 2314 -2342 2411 -2439 2508 -2536 2605 -2633 2702 -2730 2799 -2827 2896 -2924 2993 -3021 3090 -3118 3187 -3215 3284 -3312 3381 -3409 3478 -3506 3575 -3603 3672 -3700 3769 -3797 3866 -3894 3963 -3991 4060 -4088 4157 -4185 4254 -4282 4351 -4379 4448 -4476 4545 -4573 4642
-15 82 -112 179 -209 276 -306 373 -403 470 -500 567 -597 664 -694 761 -791 858 -888 955 -985 1052 -1082 1149 -1179 1246 -1276 1343 -1373 1440 1455 -1470 1537 -1567 1634 -1664 1731 -1761 1828 -1858 1925 -1955 2022 -2052 2119 -2149 2216 -2246 2313 -2343 2410 -2440 2507 -2537 2604 -2634 2701 -2731 2798 -2828 2895 -2925 2992 -3022 3089 -3119 3186 -3216 3283 -3313 3380 -3410 3477 -3507 3574 -3604 3671 -3701 3768 -3798 3865 -3895 3962 -3992 4059 -4089 4156 -4186 4253 -4283 4350 -4380 4447 -4477 4544 -4574 4641
-16 81 -113 178 -210 275 -307 372 -404 469 -501 566 -598 663 -695 760 -792 857 -889 954 -986 1051 -1083 1148 -1180 1245 -1277 1342 -1374 1439 -1471 1536 1552 -1568 1633 -1665 1730 -1762 1827 -1859 1924 -1956 2021 -2053 2118 -2150 2215 -2247 2312 -2344 2409 -2441 2506 -2538 2603 -2635 2700 -2732 2797 -2829 2894 -2926 2991 -3023 3088 -3120 3185 -3217 3282 -3314 3379 -3411 3476 -3508 3573 -3605 3670 -3702 3767 -3799 3864 -3896 3961 -3993 4058 -4090 4155 -4187 4252 -4284 4349 -4381 4446 -4478 4543 -4575 4640
-17 80 -114 177 -211 274 -308 371 -405 468 -502 565 -599 662 -696 759 -793 856 -890 953 -987 1050 -1084 1147 -1181 1244 -1278 1341 -1375 1438 -1472 1535 -1569 1632 1649 -1666 1729 -1763 1826 -1860 1923 -1957 2020 -2054 2117 -2151 2214 -2248 2311 -2345 2408 -2442 2505 -2539 2602 -2636 2699 -2733 2796 -2830 2893 -2927 2990 -3024 3087 -3121 3184 -3218 3281 -3315 3378 -3412 3475 -3509 3572 -3606 3669 -3703 3766 -3800 3863 -3897 3960 -3994 4057 -4091 4154 -4188 4251 -4285 4348 -4382 4445 -4479 4542 -4576 4639
-18 79 -115 176 -212 273 -309 370 -406 467 -503 564 -600 661 -697 758 -794 855 -891 952 -988 1049 -1085 1146 -1182 1243 -1279 1340 -1376 1437 -1473 1534 -1570 1631 -1667 1728 1746 -1764 1825 -1861 1922 -1958 2019 -2055 2116 -2152 2213 -2249 2310 -2346 2407 -2443 2504 -2540 2601 -2637 2698 -2734 2795 -2831 2892 -2928 2989 -3025 3086 -3122 3183 -3219 3280 -3316 3377 -3413 3474 -3510 3571 -3607 3668 -3704 3765 -3801 3862 -3898 3959 -3995 4056 -4092 4153 -4189 4250 -4286 4347 -4383 4444 -4480 4541 -4577 4638
-19 78 -116 175 -213 272 -310 369 -407 466 -504 563 -601 660 -698 757 -795 854 -892 951 -989 1048 -1086 1145 -1183 1242 -1280 1339 -1377 1436 -1474 1533 -1571 1630 -1668 1727 -1765 1824 1843 -1862 1921 -1959 2018 -2056 2115 -2153 2212 -2250 2309 -2347 2406 -2444 2503 -2541 2600 -2638 2697 -2735 2794 -2832 2891 -2929 2988 -3026 3085 -3123 3182 -3220 3279 -3317 3376 -3414 3473 -3511 3570 -3608 3667 -3705 3764 -3802 3861 -3899 3958 -3996 4055 -4093 4152 -4190 4249 -4287 4346 -4384 4443 -4481 4540 -4578 4637
-20 77 -117 174 -214 271 -311 368 -408 465 -505 562 -602 659 -699 756 -796 853 -893 950 -990 1047 -1087 1144 -1184 1241 -1281 1338 -1378 1435 -1475 1532 -1572 1629 -1669 1726 -1766 1823 -1863 1920 1940 -1960 2017 -2057 2114 -2154 2211 -2251 2308 -2348 2405 -2445 2502 -2542 2599 -2639 2696 -2736 2793 -2833 2890 -2930 2987 -3027 3084 -3124 3181 -3221 3278 -3318 3375 -3415 3472 -3512 3569 -3609 3666 -3706 3763 -3803 3860 -3900 3957 -3997 4054 -4094 4151 -4191 4248 -4288 4345 -4385 4442 -4482 4539 -4579 4636
-21 76 -118 173 -215 270 -312 367 -409 464 -506 561 -603 658 -700 755 -797 852 -894 949 -991 1046 -1088 1143 -1185 1240 -1282 1337 -1379 1434 -1476 1531 -1573 1628 -1670 1725 -1767 1822 -1864 1919 -1961 2016 2037 -2058 2113 -2155 2210 -2252 2307 -2349 2404 -2446 2501 -2543 2598 -2640 2695 -2737 2792 -2834 2889 -2931 2986 -3028 3083 -3125 3180 -3222 3277 -3319 3374 -3416 3471 -3513 3568 -3610 3665 -3707 3762 -3804 3859 -3901 3956 -3998 4053 -4095 4150 -4192 4247 -4289 4344 -4386 4441 -4483 4538 -4580 4635
-22 75 -119 172 -216 269 -313 366 -410 463 -507 560 -604 657 -701 754 -798 851 -895 948 -992 1045 -1089 1142 -1186 1239 -1283 1336 -1380 1433 -1477 1530 -1574 1627 -1671 1724 -1768 1821 -1865 1918 -1962 2015 -2059 2112 2134 -2156 2209 -2253 2306 -2350 2403 -2447 2500 -2544 2597 -2641 2694 -2738 2791 -2835 2888 -2932 2985 -3029 3082 -3126 3179 -3223 3276 -3320 3373 -3417 3470 -3514 3567 -3611 3664 -3708 3761 -3805 3858 -3902 3955 -3999 4052 -4096 4149 -4193 4246 -4290 4343 -4387 4440 -4484 4537 -4581 4634
-23 74 -120 171 -217 268 -314 365 -411 462 -508 559 -605 656 -702 753 -799 850 -896 947 -993 1044 -1090 1141 -1187 1238 -1284 1335 -1381 1432 -1478 1529 -1575 1626 -1672 1723 -1769 1820 -1866 1917 -1963 2014 -2060 2111 -2157 2208 2231 -2254 2305 -2351 2402 -2448 2499 -2545 2596 -2642 2693 -2739 2790 -2836 2887 -2933 2984 -3030 3081 -3127 3178 -3224 3275 -3321 3372 -3418 3469 -3515 3566 -3612 3663 -3709 3760 -3806 3857 -3903 3954 -4000 4051 -4097 4148 -4194 4245 -4291 4342 -4388 4439 -4485 4536 -4582 4633
-24 73 -121 170 -218 267 -315 364 -412 461 -509 558 -606 655 -703 752 -800 849 -897 946 -994 1043 -1091 1140 -1188 1237 -1285 1334 -1382 1431 -1479 1528 -1576 1625 -1673 1722 -1770 1819 -1867 1916 -1964 2013 -2061 2110 -2158 2207 -2255 2304 2328 -2352 2401 -2449 2498 -2546 2595 -2643 2692 -2740 2789 -2837 2886 -2934 2983 -3031 3080 -3128 3177 -3225 3274 -3322 3371 -3419 3468 -3516 3565 -3613 3662 -3710 3759 -3807 3856 -3904 3953 -4001 4050 -4098 4147 -4195 4244 -4292 4341 -4389 4438 -4486 4535 -4583 4632
-25 72 -122 169 -219 266 -316 363 -413 460 -510 557 -607 654 -704 751 -801 848 -898 945 -995 1042 -1092 1139 -1189 1236 -1286 1333 -1383 1430 -1480 1527 -1577 1624 -1674 1721 -1771 1818 -1868 1915 -1965 2012 -2062 2109 -2159 2206 -2256 2303 -2353 2400 2425 -2450 2497 -2547 2594 -2644 2691 -2741 2788 -2838 2885 -2935 2982 -3032 3079 -3129 3176 -3226 3273 -3323 3370 -3420 3467 -3517 3564 -3614 3661 -3711 3758 -3808 3855 -3905 3952 -4002 4049 -4099 4146 -4196 4243 -4293 4340 -4390 4437 -4487 4534 -4584 4631
-26 71 -123 168 -220 265 -317 362 -414 459 -511 556 -608 653 -705 750 -802 847 -899 944 -996 1041 -1093 1138 -1190 1235 -1287 1332 -1384 1429 -1481 1526 -1578 1623 -1675 1720 -1772 1817 -1869 1914 -1966 2011 -2063 2108 -2160 2205 -2257 2302 -2354 2399 -2451 2496 2522 -2548 2593 -2645 2690 -2742 2787 -2839 2884 -2936 2981 -3033 3078 -3130 3175 -3227 3272 -3324 3369 -3421 3466 -3518 3563 -3615 3660 -3712 3757 -3809 3854 -3906 3951 -4003 4048 -4100 4145 -4197 4242 -4294 4339 -4391 4436 -4488 4533 -4585 4630
-27 70 -124 167 -221 264 -318 361 -415 458 -512 555 -609 652 -706 749 -803 846 -900 943 -997 1040 -1094 1137 -1191 1234 -1288 1331 -1385 1428 -1482 1525 -1579 1622 -1676 1719 -1773 1816 -1870 1913 -1967 2010 -2064 2107 -2161 2204 -2258 2301 -2355 2398 -2452 2495 -2549 2592 2619 -2646 2689 -2743 2786 -2840 2883 -2937 2980 -3034 3077 -3131 3174 -3228 3271 -3325 3368 -3422 3465 -3519 3562 -3616 3659 -3713 3756 -3810 3853 -3907 3950 -4004 4047 -4101 4144 -4198 4241 -4295 4338 -4392 4435 -4489 4532 -4586 4629
-28 69 -125 166 -222 263 -319 360 -416 457 -513 554 -610 651 -707 748 -804 845 -901 942 -998 1039 -1095 1136 -1192 1233 -1289 1330 -1386 1427 -1483 1524 -1580 1621 -1677 1718 -1774 1815 -1871 1912 -1968 2009 -2065 2106 -2162 2203 -2259 2300 -2356 2397 -2453 2494 -2550 2591 -2647 2688 2716 -2744 2785 -2841 2882 -2938 2979 -3035 3076 -3132 3173 -3229 3270 -3326 3367 -3423 3464 -3520 3561 -3617 3658 -3714 3755 -3811 3852 -3908 3949 -4005 4046 -4102 4143 -4199 4240 -4296 4337 -4393 4434 -4490 4531 -4587 4628
-29 68 -126 165 -223 262 -320 359 -417 456 -514 553 -611 650 -708 747 -805 844 -902 941 -999 1038 -1096 1135 -1193 1232 -1290 1329 -1387 1426 -1484 1523 -1581 1620 -1678 1717 -1775 1814 -1872 1911 -1969 2008 -2066 2105 -2163 2202 -2260 2299 -2357 2396 -2454 2493 -2551 2590 -2648 2687 -2745 2784 2813 -2842 2881 -2939 2978 -3036 3075 -3133 3172 -3230 3269 -3327 3366 -3424 3463 -3521 3560 -3618 3657 -3715 3754 -3812 3851 -3909 3948 -4006 4045 -4103 4142 -4200 4239 -4297 4336 -4394 4433 -4491 4530 -4588 4627
-30 67 -127 164 -224 261 -321 358 -418 455 -515 552 -612 649 -709 746 -806 843 -903 940 -1000 1037 -1097 1134 -1194 1231 -1291 1328 -1388 1425 -1485 1522 -1582 1619 -1679 1716 -1776 1813 -1873 1910 -1970 2007 -2067 2104 -2164 2201 -2261 2298 -2358 2395 -2455 2492 -2552 2589 -2649 2686 -2746 2783 -2843 2880 2910 -2940 2977 -3037 3074 -3134 3171 -3231 3268 -3328 3365 -3425 3462 -3522 3559 -3619 3656 -3716 3753 -3813 3850 -3910 3947 -4007 4044 -4104 4141 -4201 4238 -4298 4335 -4395 4432 -4492 4529 -4589 4626
-31 66 -128 163 -225 260 -322 357 -419 454 -516 551 -613 648 -710 745 -807 842 -904 939 -1001 1036 -1098 1133 -1195 1230 -1292 1327 -1389 1424 -1486 1521 -1583 1618 -1680 1715 -1777 1812 -1874 1909 -1971 2006 -2068 2103 -2165 2200 -2262 2297 -2359 2394 -2456 2491 -2553 2588 -2650 2685 -2747 2782 -2844 2879 -2941 2976 3007 -3038 3073 -3135 3170 -3232 3267 -3329 3364 -3426 3461 -3523 3558 -3620 3655 -3717 3752 -3814 3849 -3911 3946 -4008 4043 -4105 4140 -4202 4237 -4299 4334 -4396 4431 -4493 4528 -4590 4625
-32 65 -129 162 -226 259 -323 356 -420 453 -517 550 -614 647 -711 744 -808 841 -905 938 -1002 1035 -1099 1132 -1196 1229 -1293 1326 -1390 1423 -1487 1520 -1584 1617 -1681 1714 -1778 1811 -1875 1908 -1972 2005 -2069 2102 -2166 2199 -2263 2296 -2360 2393 -2457 2490 -2554 2587 -2651 2684 -2748 2781 -2845 2878 -2942 2975 -3039 3072 3104 -3136 3169 -3233 3266 -3330 3363 -3427 3460 -3524 3557 -3621 3654 -3718 3751 -3815 3848 -3912 3945 -4009 4042 -4106 4139 -4203 4236 -4300 4333 -4397 4430 -4494 4527 -4591 4624
-33 64 -130 161 -227 258 -324 355 -421 452 -518 549 -615 646 -712 743 -809 840 -906 937 -1003 1034 -1100 1131 -1197 1228 -1294 1325 -1391 1422 -1488 1519 -1585 1616 -1682 1713 -1779 1810 -1876 1907 -1973 2004 -2070 2101 -2167 2198 -2264 2295 -2361 2392 -2458 2489 -2555 2586 -2652 2683 -2749 2780 -2846 2877 -2943 2974 -3040 3071 -3137 3168 3201 -3234 3265 -3331 3362 -3428 3459 -3525 3556 -3622 3653 -3719 3750 -3816 3847 -3913 3944 -4010 4041 -4107 4138 -4204 4235 -4301 4332 -4398 4429 -4495 4526 -4592 4623
-34 63 -131 160 -228 257 -325 354 -422 451 -519 548 -616 645 -713 742 -810 839 -907 936 -1004 1033 -1101 1130 -1198 1227 -1295 1324 -1392 1421 -1489 1518 -1586 1615 -1683 1712 -1780 1809 -1877 1906 -1974 2003 -2071 2100 -2168 2197 -2265 2294 -2362 2391 -2459 2488 -2556 2585 -2653 2682 -2750 2779 -2847 2876 -2944 2973 -3041 3070 -3138 3167 -3235 3264 3298 -3332 3361 -3429 3458 -3526 3555 -3623 3652 -3720 3749 -3817 3846 -3914 3943 -4011 4040 -4108 4137 -4205 4234 -4302 4331 -4399 4428 -4496 4525 -4593 4622
-35 62 -132 159 -229 256 -326 353 -423 450 -520 547 -617 644 -714 741 -811 838 -908 935 -1005 1032 -1102 1129 -1199 1226 -1296 1323 -1393 1420 -1490 1517 -1587 1614 -1684 1711 -1781 1808 -1878 1905 -1975 2002 -2072 2099 -2169 2196 -2266 2293 -2363 2390 -2460 2487 -2557 2584 -2654 2681 -2751 2778 -2848 2875 -2945 2972 -3042 3069 -3139 3166 -3236 3263 -3333 3360 3395 -3430 3457 -3527 3554 -3624 3651 -3721 3748 -3818 3845 -3915 3942 -4012 4039 -4109 4136 -4206 4233 -4303 4330 -4400 4427 -4497 4524 -4594 4621
-36 61 -133 158 -230 255 -327 352 -424 449 -521 546 -618 643 -715 740 -812 837 -909 934 -1006 1031 -1103 1128 -1200 1225 -1297 1322 -1394 1419 -1491 1516 -1588 1613 -1685 1710 -1782 1807 -1879 1904 -1976 2001 -2073 2098 -2170 2195 -2267 2292 -2364 2389 -2461 2486 -2558 2583 -2655 2680 -2752 2777 -2849 2874 -2946 2971 -3043 3068 -3140 3165 -3237 3262 -3334 3359 -3431 3456 3492 -3528 3553 -3625 3650 -3722 3747 -3819 3844 -3916 3941 -4013 4038 -4110 4135 -4207 4232 -4304 4329 -4401 4426 -4498 4523 -4595 4620
-37 60 -134 157 -231 254 -328 351 -425 448 -522 545 -619 642 -716 739 -813 836 -910 933 -1007 1030 -1104 1127 -1201 1224 -1298 1321 -1395 1418 -1492 1515 -1589 1612 -1686 1709 -1783 1806 -1880 1903 -1977 2000 -2074 2097 -2171 2194 -2268 2291 -2365 2388 -2462 2485 -2559 2582 -2656 2679 -2753 2776 -2850 2873 -2947 2970 -3044 3067 -3141 3164 -3238 3261 -3335 3358 -3432 3455 -3529 3552 3589 -3626 3649 -3723 3746 -3820 3843 -3917 3940 -4014 4037 -4111 4134 -4208 4231 -4305 4328 -4402 4425 -4499 4522 -4596 4619
-38 59 -135 156 -232 253 -329 350 -426 447 -523 544 -620 641 -717 738 -814 835 -911 932 -1008 1029 -1105 1126 -1202 1223 -1299 1320 -1396 1417 -1493 1514 -1590 1611 -1687 1708 -1784 1805 -1881 1902 -1978 1999 -2075 2096 -2172 2193 -2269 2290 -2366 2387 -2463 2484 -2560 2581 -2657 2678 -2754 2775 -2851 2872 -2948 2969 -3045 3066 -3142 3163 -3239 3260 -3336 3357 -3433 3454 -3530 3551 -3627 3648 3686 -3724 3745 -3821 3842 -3918 3939 -4015 4036 -4112 4133 -4209 4230 -4306 4327 -4403 4424 -4500 4521 -4597 4618
-39 58 -136 155 -233 252 -330 349 -427 446 -524 543 -621 640 -718 737 -815 834 -912 931 -1009 1028 -1106 1125 -1203 1222 -1300 1319 -1397 1416 -1494 1513 -1591 1610 -1688 1707 -1785 1804 -1882 1901 -1979 1998 -2076 2095 -2173 2192 -2270 2289 -2367 2386 -2464 2483 -2561 2580 -2658 2677 -2755 2774 -2852 2871 -2949 2968 -3046 3065 -3143 3162 -3240 3259 -3337 3356 -3434 3453 -3531 3550 -3628 3647 -3725 3744 3783 -3822 3841 -3919 3938 -4016 4035 -4113 4132 -4210 4229 -4307 4326 -4404 4423 -4501 4520 -4598 4617
-40 57 -137 154 -234 251 -331 348 -428 445 -525 542 -622 639 -719 736 -816 833 -913 930 -1010 1027 -1107 1124 -1204 1221 -1301 1318 -1398 1415 -1495 1512 -1592 1609 -1689 1706 -1786 1803 -1883 1900 -1980 1997 -2077 2094 -2174 2191 -2271 2288 -2368 2385 -2465 2482 -2562 2579 -2659 2676 -2756 2773 -2853 2870 -2950 2967 -3047 3064 -3144 3161 -3241 3258 -3338 3355 -3435 3452 -3532 3549 -3629 3646 -3726 3743 -3823 3840 3880 -3920 3937 -4017 4034 -4114 4131 -4211 4228 -4308 4325 -4405 4422 -4502 4519 -4599 4616
-41 56 -138 153 -235 250 -332 347 -429 444 -526 541 -623 638 -720 735 -817 832 -914 929 -1011 1026 -1108 1123 -1205 1220 -1302 1317 -1399 1414 -1496 1511 -1593 1608 -1690 1705 -1787 1802 -1884 1899 -1981 1996 -2078 2093 -2175 2190 -2272 2287 -2369 2384 -2466 2481 -2563 2578 -2660 2675 -2757 2772 -2854 2869 -2951 2966 -3048 3063 -3145 3160 -3242 3257 -3339 3354 -3436 3451 -3533 3548 -3630 3645 -3727 3742 -3824 3839 -3921 3936 3977 -4018 4033 -4115 4130 -4212 4227 -4309 4324 -4406 4421 -4503 4518 -4600 4615
-42 55 -139 152 -236 249 -333 346 -430 443 -527 540 -624 637 -721 734 -818 831 -915 928 -1012 1025 -1109 1122 -1206 1219 -1303 1316 -1400 1413 -1497 1510 -1594 1607 -1691 1704 -1788 1801 -1885 1898 -1982 1995 -2079 2092 -2176 2189 -2273 2286 -2370 2383 -2467 2480 -2564 2577 -2661 2674 -2758 2771 -2855 2868 -2952 2965 -3049 3062 -3146 3159 -3243 3256 -3340 3353 -3437 3450 -3534 3547 -3631 3644 -3728 3741 -3825 3838 -3922 3935 -4019 4032 4074 -4116 4129 -4213 4226 -4310 4323 -4407 4420 -4504 4517 -4601 4614
-43 54 -140 151 -237 248 -334 345 -431 442 -528 539 -625 636 -722 733 -819 830 -916 927 -1013 1024 -1110 1121 -1207 1218 -1304 1315 -1401 1412 -1498 1509 -1595 1606 -1692 1703 -1789 1800 -1886 1897 -1983 1994 -2080 2091 -2177 2188 -2274 2285 -2371 2382 -2468 2479 -2565 2576 -2662 2673 -2759 2770 -2856 2867 -2953 2964 -3050 3061 -3147 3158 -3244 3255 -3341 3352 -3438 3449 -3535 3546 -3632 3643 -3729 3740 -3826 3837 -3923 3934 -4020 4031 -4117 4128 4171 -4214 4225 -4311 4322 -4408 4419 -4505 4516 -4602 4613
-44 53 -141 150 -238 247 -335 344 -432 441 -529 538 -626 635 -723 732 -820 829 -917 926 -1014 1023 -1111 1120 -1208 1217 -1305 1314 -1402 1411 -1499 1508 -1596 1605 -1693 1702 -1790 1799 -1887 1896 -1984 1993 -2081 2090 -2178 2187 -2275 2284 -2372 2381 -2469 2478 -2566 2575 -2663 2672 -2760 2769 -2857 2866 -2954 2963 -3051 3060 -3148 3157 -3245 3254 -3342 3351 -3439 3448 -3536 3545 -3633 3642 -3730 3739 -3827 3836 -3924 3933 -4021 4030 -4118 4127 -4215 4224 4268 -4312 4321 -4409 4418 -4506 4515 -4603 4612
-45 52 -142 149 -239 246 -336 343 -433 440 -530 537 -627 634 -724 731 -821 828 -918 925 -1015 1022 -1112 1119 -1209 1216 -1306 1313 -1403 1410 -1500 1507 -1597 1604 -1694 1701 -1791 1798 -1888 1895 -1985 1992 -2082 2089 -2179 2186 -2276 2283 -2373 2380 -2470 2477 -2567 2574 -2664 2671 -2761 2768 -2858 2865 -2955 2962 -3052 3059 -3149 3156 -3246 3253 -3343 3350 -3440 3447 -3537 3544 -3634 3641 -3731 3738 -3828 3835 -3925 3932 -4022 4029 -4119 4126 -4216 4223 -4313 4320 4365 -4410 4417 -4507 4514 -4604 4611
-46 51 -143 148 -240 245 -337 342 -434 439 -531 536 -628 633 -725 730 -822 827 -919 924 -1016 1021 -1113 1118 -1210 1215 -1307 1312 -1404 1409 -1501 1506 -1598 1603 -1695 1700 -1792 1797 -1889 1894 -1986 1991 -2083 2088 -2180 2185 -2277 2282 -2374 2379 -2471 2476 -2568 2573 -2665 2670 -2762 2767 -2859 2864 -2956 2961 -3053 3058 -3150 3155 -3247 3252 -3344 3349 -3441 3446 -3538 3543 -3635 3640 -3732 3737 -3829 3834 -3926 3931 -4023 4028 -4120 4125 -4217 4222 -4314 4319 -4411 4416 4462 -4508 4513 -4605 4610
-47 50 -144 147 -241 244 -338 341 -435 438 -532 535 -629 632 -726 729 -823 826 -920 923 -1017 1020 -1114 1117 -1211 1214 -1308 1311 -1405 1408 -1502 1505 -1599 1602 -1696 1699 -1793 1796 -1890 1893 -1987 1990 -2084 2087 -2181 2184 -2278 2281 -2375 2378 -2472 2475 -2569 2572 -2666 2669 -2763 2766 -2860 2863 -2957 2960 -3054 3057 -3151 3154 -3248 3251 -3345 3348 -3442 3445 -3539 3542 -3636 3639 -3733 3736 -3830 3833 -3927 3930 -4024 4027 -4121 4124 -4218 4221 -4315 4318 -4412 4415 -4509 4512 4559 -4606 4609
-48 49 -145 146 -242 243 -339 340 -436 437 -533 534 -630 631 -727 728 -824 825 -921 922 -1018 1019 -1115 1116 -1212 1213 -1309 1310 -1406 1407 -1503 1504 -1600 1601 -1697 1698 -1794 1795 -1891 1892 -1988 1989 -2085 2086 -2182 2183 -2279 2280 -2376 2377 -2473 2474 -2570 2571 -2667 2668 -2764 2765 -2861 2862 -2958 2959 -3055 3056 -3152 3153 -3249 3250 -3346 3347 -3443 3444 -3540 3541 -3637 3638 -3734 3735 -3831 3832 -3928 3929 -4025 4026 -4122 4123 -4219 4220 -4316 4317 -4413 4414 -4510 4511 -4607 4608 4656
