961
-1 30 31 -32 61 -63 92 -94 123 -125 154 -156 185 -187 216 -218 247 -249 278 -280 309 -311 340 -342 371 -373 402 -404 433 -435 464
-2 29 -33 60 62 -64 91 -95 122 -126 153 -157 184 -188 215 -219 246 -250 277 -281 308 -312 339 -343 370 -374 401 -405 432 -436 463
-3 28 -34 59 -65 90 93 -96 121 -127 152 -158 183 -189 214 -220 245 -251 276 -282 307 -313 338 -344 369 -375 400 -406 431 -437 462
-4 27 -35 58 -66 89 -97 120 124 -128 151 -159 182 -190 213 -221 244 -252 275 -283 306 -314 337 -345 368 -376 399 -407 430 -438 461
-5 26 -36 57 -67 88 -98 119 -129 150 155 -160 181 -191 212 -222 243 -253 274 -284 305 -315 336 -346 367 -377 398 -408 429 -439 460
-6 25 -37 56 -68 87 -99 118 -130 149 -161 180 186 -192 211 -223 242 -254 273 -285 304 -316 335 -347 366 -378 397 -409 428 -440 459
-7 24 -38 55 -69 86 -100 117 -131 148 -162 179 -193 210 217 -224 241 -255 272 -286 303 -317 334 -348 365 -379 396 -410 427 -441 458
-8 23 -39 54 -70 85 -101 116 -132 147 -163 178 -194 209 -225 240 248 -256 271 -287 302 -318 333 -349 364 -380 395 -411 426 -442 457
-9 22 -40 53 -71 84 -102 115 -133 146 -164 177 -195 208 -226 239 -257 270 279 -288 301 -319 332 -350 363 -381 394 -412 425 -443 456
-10 21 -41 52 -72 83 -103 114 -134 145 -165 176 -196 207 -227 238 -258 269 -289 300 310 -320 331 -351 362 -382 393 -413 424 -444 455
-11 20 -42 51 -73 82 -104 113 -135 144 -166 175 -197 206 -228 237 -259 268 -290 299 -321 330 341 -352 361 -383 392 -414 423 -445 454
-12 19 -43 50 -74 81 -105 112 -136 143 -167 174 -198 205 -229 236 -260 267 -291 298 -322 329 -353 360 372 -384 391 -415 422 -446 453
-13 18 -44 49 -75 80 -106 111 -137 142 -168 173 -199 204 -230 235 -261 266 -292 297 -323 328 -354 359 -385 390 403 -416 421 -447 452
-14 17 -45 48 -76 79 -107 110 -138 141 -169 172 -200 203 -231 234 -262 265 -293 296 -324 327 -355 358 -386 389 -417 420 434 -448 451
-15 16 -46 47 -77 78 -108 109 -139 140 -170 171 -201 202 -232 233 -263 264 -294 295 -325 326 -356 357 -387 388 -418 419 -449 450 465
